270.0	5.033	2.911	1.669	1.611	4.625	25.43	59.01	43.94	15.33	2.491	0.169	0.073	0.055	0.053	0.040	0.036	0.036	0.032	0.032	0.027	0.026	0.023	0.021	0.023	0.020	0.019	0.014	0.017	0.019	0.013	0.013	0.014	0.013	0.012	0.012	0.012	0.007	0.010	0.010	0.010	0.008	0.009	0.008	0.005	0.008	0.010	0.009	0.008	0.007	0.007	0.010	0.010	0.010	0.010	0.012	0.011	0.010	0.012	0.012	0.013	0.014	0.013	0.011	0.014	0.010	0.011	0.008	0.009	0.010	0.008	0.008	0.006	0.007	0.007	0.008	0.008	0.011
273.0	5.635	5.026	2.907	2.006	2.282	6.199	25.21	50.50	45.28	18.52	2.645	0.223	0.070	0.056	0.046	0.043	0.038	0.034	0.036	0.027	0.025	0.024	0.019	0.023	0.021	0.018	0.017	0.017	0.020	0.015	0.016	0.015	0.015	0.012	0.011	0.011	0.008	0.008	0.009	0.010	0.010	0.010	0.008	0.004	0.007	0.010	0.009	0.007	0.007	0.008	0.008	0.010	0.010	0.013	0.015	0.012	0.014	0.015	0.017	0.020	0.018	0.019	0.018	0.019	0.017	0.015	0.014	0.012	0.012	0.009	0.010	0.008	0.007	0.008	0.008	0.008	0.011
276.0	4.683	5.864	4.879	3.085	2.494	2.917	6.652	25.23	51.92	47.51	16.39	2.929	0.205	0.068	0.055	0.045	0.039	0.041	0.036	0.027	0.028	0.025	0.020	0.022	0.021	0.018	0.018	0.016	0.015	0.015	0.014	0.015	0.013	0.012	0.010	0.011	0.010	0.009	0.008	0.010	0.010	0.009	0.007	0.006	0.008	0.010	0.007	0.007	0.008	0.009	0.008	0.011	0.010	0.015	0.016	0.014	0.016	0.020	0.020	0.022	0.025	0.024	0.020	0.024	0.025	0.020	0.020	0.017	0.017	0.015	0.012	0.009	0.008	0.010	0.010	0.010	0.011
279.0	3.606	4.972	6.295	4.988	3.371	2.995	3.346	6.768	26.84	54.35	44.58	16.76	2.355	0.169	0.064	0.055	0.050	0.044	0.040	0.028	0.030	0.027	0.022	0.024	0.021	0.018	0.019	0.015	0.014	0.014	0.015	0.017	0.014	0.013	0.012	0.012	0.008	0.009	0.009	0.009	0.010	0.009	0.007	0.007	0.009	0.011	0.007	0.007	0.009	0.010	0.010	0.013	0.012	0.017	0.018	0.019	0.019	0.023	0.025	0.027	0.029	0.028	0.026	0.029	0.030	0.027	0.025	0.023	0.022	0.019	0.015	0.012	0.010	0.010	0.009	0.011	0.011
282.0	3.149	3.724	5.614	6.604	5.180	3.660	3.380	3.461	7.012	26.16	54.56	46.56	15.42	2.249	0.207	0.068	0.056	0.047	0.044	0.032	0.034	0.030	0.025	0.023	0.020	0.022	0.019	0.016	0.015	0.014	0.017	0.016	0.014	0.014	0.011	0.012	0.007	0.010	0.007	0.009	0.009	0.007	0.008	0.008	0.009	0.008	0.008	0.007	0.010	0.008	0.011	0.013	0.015	0.017	0.020	0.020	0.022	0.025	0.028	0.029	0.031	0.032	0.033	0.034	0.033	0.032	0.030	0.028	0.025	0.024	0.019	0.016	0.012	0.010	0.011	0.013	0.012
285.0	2.940	3.094	4.247	6.328	6.894	5.101	3.909	3.481	3.501	6.962	28.94	54.98	43.52	14.18	2.569	0.164	0.064	0.055	0.048	0.039	0.034	0.029	0.025	0.023	0.021	0.020	0.019	0.015	0.018	0.017	0.015	0.015	0.014	0.014	0.012	0.014	0.010	0.010	0.009	0.009	0.009	0.009	0.008	0.008	0.009	0.009	0.008	0.008	0.010	0.007	0.012	0.012	0.016	0.018	0.021	0.022	0.024	0.025	0.026	0.031	0.034	0.033	0.036	0.036	0.036	0.037	0.032	0.031	0.029	0.026	0.022	0.018	0.014	0.012	0.011	0.013	0.014
288.0	2.803	2.959	3.413	4.818	6.861	6.912	5.149	3.777	3.412	3.377	7.078	27.64	55.60	43.62	17.59	1.961	0.159	0.067	0.051	0.044	0.041	0.034	0.031	0.026	0.021	0.018	0.020	0.018	0.018	0.017	0.014	0.013	0.015	0.014	0.012	0.013	0.010	0.010	0.011	0.008	0.006	0.010	0.009	0.008	0.010	0.008	0.009	0.008	0.010	0.009	0.013	0.011	0.015	0.019	0.023	0.024	0.024	0.026	0.028	0.033	0.035	0.034	0.034	0.036	0.038	0.037	0.035	0.034	0.032	0.030	0.025	0.020	0.016	0.012	0.012	0.012	0.014
291.0	2.702	2.900	3.176	3.824	5.336	7.264	6.846	4.828	3.622	3.217	3.111	6.595	28.51	55.13	51.68	14.26	2.194	0.178	0.066	0.053	0.049	0.037	0.030	0.029	0.023	0.020	0.022	0.019	0.018	0.015	0.015	0.013	0.015	0.015	0.011	0.013	0.013	0.008	0.009	0.007	0.006	0.009	0.009	0.009	0.009	0.008	0.009	0.008	0.010	0.010	0.012	0.012	0.015	0.018	0.023	0.022	0.024	0.025	0.028	0.031	0.034	0.033	0.033	0.034	0.037	0.036	0.034	0.036	0.034	0.032	0.026	0.020	0.016	0.013	0.013	0.013	0.014
294.0	2.751	3.032	3.276	3.688	4.420	6.162	7.653	6.594	4.445	3.419	3.003	2.720	6.570	29.09	60.40	43.37	14.12	2.032	0.169	0.061	0.058	0.041	0.032	0.031	0.024	0.022	0.021	0.021	0.020	0.017	0.014	0.015	0.014	0.014	0.011	0.011	0.012	0.008	0.010	0.008	0.008	0.009	0.008	0.009	0.009	0.009	0.007	0.007	0.008	0.010	0.011	0.012	0.014	0.018	0.020	0.020	0.021	0.023	0.028	0.030	0.032	0.031	0.032	0.032	0.038	0.036	0.031	0.034	0.035	0.032	0.026	0.021	0.018	0.016	0.014	0.012	0.012
297.0	3.368	3.614	4.021	4.376	4.809	5.679	7.237	8.230	6.585	4.539	3.456	2.901	2.639	6.651	28.28	57.00	44.89	15.34	2.153	0.180	0.073	0.046	0.038	0.032	0.025	0.025	0.023	0.021	0.019	0.016	0.016	0.014	0.014	0.015	0.012	0.012	0.012	0.011	0.011	0.009	0.008	0.009	0.007	0.008	0.009	0.009	0.008	0.008	0.008	0.009	0.012	0.011	0.014	0.015	0.020	0.019	0.019	0.021	0.026	0.027	0.029	0.028	0.031	0.034	0.036	0.035	0.032	0.035	0.034	0.034	0.026	0.022	0.019	0.017	0.016	0.017	0.015
300.0	4.290	4.731	5.228	5.609	6.027	6.479	7.250	8.732	8.976	6.935	4.664	3.681	3.098	2.934	6.860	31.08	57.19	46.58	15.47	2.147	0.166	0.062	0.049	0.040	0.028	0.026	0.024	0.021	0.021	0.017	0.019	0.015	0.015	0.016	0.012	0.011	0.012	0.010	0.012	0.010	0.007	0.009	0.008	0.007	0.009	0.008	0.008	0.008	0.009	0.008	0.011	0.013	0.013	0.016	0.019	0.020	0.020	0.019	0.026	0.026	0.030	0.030	0.031	0.034	0.035	0.035	0.037	0.034	0.035	0.035	0.029	0.024	0.021	0.018	0.018	0.019	0.019
303.0	5.265	5.847	6.432	6.887	7.391	7.821	8.095	8.719	9.857	9.588	6.890	4.928	3.921	3.424	3.398	8.136	30.87	60.10	48.22	15.05	1.812	0.145	0.060	0.049	0.034	0.031	0.026	0.025	0.022	0.019	0.020	0.016	0.017	0.016	0.012	0.013	0.013	0.010	0.012	0.009	0.007	0.009	0.008	0.007	0.009	0.009	0.009	0.009	0.010	0.007	0.012	0.011	0.014	0.017	0.020	0.021	0.020	0.020	0.025	0.025	0.028	0.030	0.029	0.033	0.036	0.036	0.037	0.035	0.037	0.036	0.032	0.027	0.023	0.020	0.021	0.023	0.022
306.0	5.938	6.672	7.335	7.847	8.364	8.841	9.028	9.101	9.670	10.52	9.461	6.920	4.875	4.123	3.822	3.978	8.578	32.12	62.73	46.83	14.69	1.943	0.140	0.063	0.043	0.036	0.030	0.027	0.023	0.022	0.019	0.017	0.017	0.015	0.012	0.012	0.013	0.010	0.011	0.010	0.009	0.010	0.008	0.008	0.010	0.009	0.009	0.008	0.010	0.008	0.011	0.011	0.013	0.017	0.016	0.018	0.018	0.020	0.024	0.024	0.028	0.028	0.030	0.033	0.034	0.036	0.036	0.038	0.037	0.037	0.034	0.030	0.025	0.024	0.025	0.023	0.025
309.0	6.324	7.053	7.743	8.336	8.828	9.340	9.571	9.524	9.536	10.03	10.59	9.094	6.286	4.768	4.327	4.115	4.297	8.862	35.61	58.52	44.69	14.28	1.691	0.155	0.053	0.045	0.035	0.032	0.024	0.022	0.023	0.019	0.017	0.015	0.014	0.013	0.013	0.011	0.010	0.008	0.010	0.011	0.009	0.009	0.011	0.009	0.008	0.007	0.009	0.008	0.010	0.012	0.012	0.016	0.018	0.017	0.020	0.022	0.023	0.022	0.027	0.027	0.028	0.030	0.032	0.034	0.036	0.037	0.038	0.036	0.034	0.030	0.027	0.024	0.026	0.025	0.028
312.0	6.624	7.278	7.986	8.519	9.051	9.582	9.870	9.892	9.660	9.718	10.13	10.36	8.423	5.962	4.877	4.527	4.334	4.253	9.229	29.81	57.26	45.09	14.10	2.240	0.128	0.053	0.042	0.035	0.029	0.024	0.022	0.020	0.016	0.018	0.017	0.016	0.012	0.010	0.013	0.008	0.009	0.010	0.009	0.009	0.011	0.010	0.008	0.009	0.009	0.009	0.011	0.012	0.012	0.015	0.015	0.016	0.020	0.021	0.022	0.020	0.025	0.027	0.027	0.028	0.034	0.034	0.037	0.038	0.038	0.037	0.035	0.034	0.028	0.027	0.028	0.028	0.031
315.0	6.738	7.426	8.191	8.696	9.259	9.766	10.10	10.22	10.05	9.818	9.728	10.04	9.842	7.837	5.865	4.911	4.578	4.160	3.857	7.686	30.51	55.51	43.44	17.54	1.869	0.119	0.055	0.043	0.033	0.029	0.023	0.019	0.018	0.017	0.015	0.016	0.014	0.011	0.013	0.010	0.010	0.011	0.009	0.007	0.010	0.012	0.009	0.008	0.009	0.008	0.011	0.012	0.012	0.015	0.015	0.017	0.016	0.019	0.023	0.022	0.024	0.025	0.027	0.028	0.033	0.035	0.037	0.037	0.041	0.039	0.037	0.035	0.030	0.026	0.029	0.030	0.031
318.0	6.768	7.462	8.200	8.755	9.366	9.920	10.39	10.59	10.48	10.29	9.836	9.661	9.858	9.449	7.569	5.589	4.814	4.314	3.607	3.107	7.327	28.53	55.25	48.97	14.40	1.594	0.114	0.053	0.039	0.031	0.029	0.024	0.022	0.019	0.017	0.017	0.015	0.010	0.013	0.011	0.010	0.012	0.009	0.009	0.011	0.011	0.009	0.009	0.009	0.010	0.011	0.010	0.013	0.014	0.015	0.015	0.015	0.019	0.022	0.024	0.024	0.025	0.027	0.033	0.035	0.038	0.041	0.044	0.045	0.045	0.041	0.037	0.033	0.030	0.030	0.032	0.032
321.0	6.733	7.511	8.263	8.824	9.446	10.16	10.65	10.98	11.01	10.86	10.42	9.913	9.630	9.782	9.289	7.162	5.477	4.585	3.836	3.019	2.547	6.493	28.02	55.03	43.45	14.32	1.874	0.123	0.053	0.037	0.031	0.027	0.024	0.020	0.018	0.016	0.014	0.013	0.013	0.011	0.011	0.010	0.010	0.009	0.010	0.010	0.010	0.008	0.008	0.009	0.009	0.011	0.011	0.013	0.017	0.014	0.016	0.018	0.021	0.021	0.025	0.026	0.030	0.037	0.038	0.044	0.046	0.051	0.058	0.059	0.055	0.049	0.042	0.038	0.038	0.039	0.035
324.0	6.688	7.444	8.241	8.846	9.511	10.26	10.81	11.28	11.44	11.44	11.15	10.62	9.877	9.674	9.867	8.929	6.808	5.077	4.051	3.293	2.472	2.166	6.606	28.46	50.74	41.77	15.00	1.836	0.109	0.051	0.040	0.031	0.027	0.022	0.018	0.016	0.015	0.013	0.016	0.012	0.012	0.012	0.011	0.009	0.010	0.010	0.008	0.008	0.009	0.009	0.010	0.010	0.011	0.012	0.015	0.015	0.017	0.018	0.021	0.022	0.026	0.028	0.032	0.037	0.043	0.049	0.055	0.059	0.068	0.073	0.070	0.064	0.056	0.052	0.051	0.050	0.045
327.0	6.580	7.395	8.160	8.800	9.463	10.21	10.90	11.38	11.74	11.80	11.72	11.21	10.40	9.724	9.612	9.644	8.445	6.207	4.477	3.544	2.788	2.149	2.069	6.516	24.76	50.92	43.61	14.89	1.550	0.113	0.053	0.038	0.028	0.023	0.020	0.018	0.017	0.014	0.016	0.012	0.013	0.012	0.010	0.010	0.010	0.011	0.006	0.006	0.008	0.009	0.011	0.011	0.013	0.011	0.016	0.015	0.015	0.018	0.020	0.022	0.025	0.030	0.032	0.039	0.045	0.050	0.058	0.063	0.078	0.084	0.081	0.080	0.071	0.067	0.067	0.066	0.057
330.0	6.524	7.268	8.009	8.662	9.301	10.05	10.72	11.23	11.69	11.81	11.77	11.42	10.65	9.814	9.290	9.199	9.077	7.537	5.243	3.820	2.943	2.400	1.966	2.058	5.886	25.83	50.31	41.83	13.14	1.862	0.112	0.048	0.032	0.029	0.022	0.019	0.017	0.013	0.015	0.012	0.012	0.012	0.008	0.010	0.009	0.011	0.008	0.007	0.010	0.009	0.009	0.011	0.011	0.013	0.014	0.013	0.015	0.016	0.021	0.023	0.025	0.029	0.030	0.038	0.044	0.049	0.059	0.066	0.080	0.085	0.088	0.085	0.078	0.076	0.078	0.077	0.070
333.0	6.552	7.132	7.835	8.580	9.085	9.757	10.37	10.88	11.39	11.61	11.61	11.30	10.69	9.848	9.155	8.572	8.516	8.161	6.380	4.409	3.121	2.539	2.174	1.898	2.029	6.230	25.19	47.62	37.64	13.52	1.791	0.099	0.043	0.035	0.022	0.023	0.018	0.016	0.015	0.014	0.012	0.013	0.011	0.010	0.009	0.010	0.010	0.008	0.009	0.010	0.011	0.010	0.011	0.011	0.012	0.013	0.017	0.017	0.020	0.022	0.024	0.028	0.031	0.037	0.043	0.048	0.057	0.065	0.077	0.085	0.089	0.086	0.080	0.076	0.079	0.081	0.072
336.0	6.593	7.228	7.798	8.517	8.920	9.589	10.08	10.53	11.02	11.26	11.37	11.23	10.65	9.917	9.193	8.307	7.818	7.723	7.162	5.524	3.669	2.753	2.342	2.116	1.941	2.089	5.850	22.51	44.79	37.66	15.91	1.740	0.097	0.045	0.029	0.026	0.020	0.016	0.015	0.015	0.013	0.012	0.011	0.011	0.011	0.010	0.010	0.009	0.008	0.010	0.011	0.010	0.011	0.012	0.012	0.013	0.016	0.016	0.018	0.021	0.024	0.026	0.030	0.036	0.040	0.048	0.056	0.063	0.075	0.083	0.086	0.083	0.076	0.078	0.077	0.082	0.073
339.0	6.842	7.368	8.032	8.678	9.035	9.511	9.914	10.31	10.76	11.01	11.20	11.11	10.67	10.03	9.334	8.382	7.626	7.164	7.052	6.478	4.729	3.297	2.593	2.333	2.181	1.939	1.952	5.403	23.13	41.99	42.24	12.87	1.724	0.100	0.040	0.030	0.022	0.019	0.018	0.016	0.014	0.011	0.012	0.011	0.011	0.011	0.010	0.010	0.008	0.010	0.010	0.008	0.011	0.012	0.013	0.013	0.016	0.016	0.019	0.020	0.024	0.026	0.029	0.034	0.040	0.050	0.054	0.063	0.076	0.085	0.085	0.082	0.078	0.078	0.079	0.082	0.074
342.0	7.173	7.655	8.288	8.894	9.204	9.551	9.798	10.09	10.45	10.78	10.92	10.96	10.58	10.07	9.468	8.517	7.664	6.871	6.542	6.506	5.788	4.236	3.024	2.530	2.337	2.136	1.810	1.760	5.404	20.41	48.32	35.08	12.61	1.653	0.081	0.038	0.025	0.021	0.020	0.018	0.014	0.013	0.013	0.010	0.011	0.013	0.010	0.009	0.010	0.009	0.011	0.010	0.011	0.012	0.013	0.013	0.015	0.016	0.019	0.021	0.022	0.027	0.029	0.033	0.040	0.048	0.051	0.062	0.072	0.081	0.086	0.082	0.078	0.077	0.081	0.081	0.078
345.0	7.435	7.875	8.397	8.996	9.272	9.509	9.669	9.853	10.15	10.40	10.61	10.63	10.38	9.969	9.404	8.562	7.654	6.798	6.149	5.959	6.003	5.268	3.776	2.814	2.448	2.243	1.962	1.589	1.589	4.761	23.64	39.26	33.67	13.11	1.606	0.076	0.033	0.026	0.023	0.020	0.015	0.015	0.012	0.010	0.011	0.012	0.010	0.010	0.012	0.009	0.010	0.009	0.012	0.012	0.014	0.013	0.015	0.015	0.018	0.021	0.023	0.026	0.028	0.032	0.038	0.044	0.048	0.057	0.068	0.077	0.084	0.080	0.075	0.078	0.082	0.084	0.079
348.0	7.619	8.053	8.565	8.968	9.189	9.347	9.409	9.482	9.764	9.955	10.11	10.16	10.05	9.674	9.210	8.464	7.635	6.761	5.915	5.468	5.449	5.532	4.662	3.312	2.596	2.245	1.992	1.686	1.350	1.377	5.363	19.48	37.41	35.32	11.81	1.329	0.065	0.032	0.026	0.023	0.016	0.016	0.013	0.012	0.012	0.012	0.011	0.009	0.010	0.010	0.010	0.009	0.013	0.012	0.013	0.013	0.012	0.015	0.017	0.020	0.020	0.023	0.025	0.029	0.037	0.041	0.044	0.055	0.063	0.071	0.074	0.074	0.070	0.071	0.077	0.082	0.077
351.0	7.858	8.265	8.750	8.999	9.136	9.167	9.091	9.146	9.268	9.450	9.612	9.659	9.533	9.329	8.862	8.199	7.501	6.681	5.813	5.200	4.890	5.017	5.049	4.119	2.958	2.285	1.956	1.701	1.411	1.162	1.319	4.268	17.60	40.11	32.28	10.62	1.295	0.069	0.034	0.028	0.020	0.018	0.015	0.014	0.013	0.013	0.011	0.010	0.011	0.009	0.010	0.009	0.012	0.012	0.013	0.012	0.013	0.014	0.018	0.019	0.020	0.023	0.024	0.029	0.034	0.037	0.041	0.049	0.058	0.065	0.066	0.067	0.065	0.065	0.076	0.075	0.077
354.0	7.915	8.351	8.826	8.980	9.017	8.914	8.802	8.777	8.877	8.991	9.088	9.183	9.105	8.867	8.536	7.945	7.307	6.575	5.780	5.112	4.590	4.464	4.696	4.597	3.655	2.509	1.961	1.654	1.433	1.228	1.015	1.097	3.994	19.92	35.71	27.91	9.826	1.388	0.061	0.032	0.024	0.018	0.016	0.015	0.013	0.014	0.011	0.011	0.011	0.010	0.011	0.010	0.012	0.011	0.011	0.012	0.014	0.015	0.018	0.017	0.020	0.021	0.023	0.027	0.030	0.036	0.039	0.046	0.053	0.060	0.061	0.062	0.059	0.059	0.067	0.071	0.070
357.0	7.718	8.131	8.609	8.734	8.731	8.588	8.400	8.316	8.392	8.518	8.565	8.658	8.593	8.385	8.130	7.605	7.054	6.389	5.690	5.083	4.473	4.148	4.127	4.343	4.171	3.053	2.100	1.636	1.376	1.240	1.061	0.861	0.968	4.235	16.75	31.52	26.79	10.16	1.149	0.078	0.030	0.022	0.018	0.016	0.015	0.015	0.011	0.011	0.010	0.010	0.011	0.010	0.011	0.011	0.012	0.013	0.014	0.014	0.015	0.017	0.018	0.019	0.021	0.026	0.029	0.032	0.036	0.041	0.049	0.052	0.056	0.056	0.055	0.055	0.060	0.066	0.065
360.0	7.381	7.803	8.204	8.373	8.376	8.192	7.994	7.821	7.911	8.024	8.060	8.055	8.032	7.881	7.706	7.261	6.767	6.152	5.515	4.957	4.407	4.002	3.751	3.804	3.971	3.613	2.566	1.749	1.358	1.182	1.068	0.916	0.747	0.923	3.533	15.02	29.80	26.59	9.480	1.895	0.065	0.027	0.022	0.019	0.015	0.015	0.012	0.012	0.010	0.010	0.011	0.011	0.011	0.012	0.014	0.012	0.015	0.014	0.016	0.016	0.018	0.019	0.019	0.022	0.024	0.030	0.032	0.037	0.044	0.049	0.051	0.049	0.049	0.051	0.055	0.062	0.060
363.0	7.003	7.370	7.787	7.922	7.905	7.834	7.600	7.389	7.378	7.480	7.468	7.481	7.446	7.379	7.199	6.804	6.404	5.837	5.286	4.785	4.263	3.892	3.535	3.382	3.418	3.596	3.084	2.094	1.397	1.150	1.020	0.918	0.776	0.645	0.783	3.322	14.65	28.62	25.00	12.73	1.344	0.056	0.027	0.021	0.018	0.015	0.013	0.013	0.009	0.010	0.010	0.011	0.011	0.012	0.014	0.012	0.014	0.014	0.015	0.016	0.017	0.018	0.018	0.022	0.025	0.029	0.031	0.033	0.040	0.043	0.046	0.044	0.045	0.047	0.052	0.057	0.055
366.0	6.604	6.939	7.276	7.437	7.458	7.356	7.096	6.913	6.896	6.931	6.901	6.936	6.887	6.835	6.682	6.374	6.011	5.536	5.010	4.525	4.101	3.729	3.357	3.073	2.959	3.074	3.171	2.606	1.656	1.169	0.960	0.856	0.778	0.669	0.560	0.697	3.100	13.24	28.25	32.99	9.937	1.190	0.055	0.024	0.021	0.016	0.013	0.013	0.011	0.010	0.011	0.011	0.010	0.012	0.012	0.012	0.014	0.013	0.013	0.015	0.015	0.017	0.017	0.019	0.023	0.026	0.026	0.029	0.036	0.038	0.041	0.039	0.041	0.043	0.048	0.051	0.051
369.0	6.207	6.621	6.878	7.043	6.960	6.853	6.641	6.452	6.388	6.390	6.395	6.373	6.334	6.283	6.202	5.919	5.625	5.220	4.724	4.302	3.881	3.553	3.237	2.906	2.657	2.593	2.737	2.763	2.118	1.368	0.957	0.811	0.734	0.679	0.590	0.492	0.625	2.808	13.87	35.54	25.36	9.174	1.297	0.050	0.023	0.019	0.015	0.014	0.013	0.009	0.011	0.012	0.009	0.012	0.011	0.011	0.013	0.012	0.012	0.014	0.015	0.017	0.015	0.018	0.020	0.022	0.025	0.027	0.032	0.034	0.036	0.037	0.037	0.038	0.043	0.046	0.046
372.0	5.915	6.213	6.457	6.582	6.489	6.356	6.121	6.010	5.952	5.900	5.885	5.864	5.833	5.798	5.737	5.499	5.233	4.887	4.465	4.061	3.683	3.365	3.074	2.762	2.462	2.271	2.270	2.437	2.403	1.788	1.089	0.808	0.687	0.642	0.607	0.515	0.425	0.551	2.964	16.89	27.75	24.23	8.771	1.019	0.044	0.023	0.018	0.016	0.014	0.010	0.011	0.012	0.011	0.012	0.013	0.011	0.012	0.012	0.013	0.014	0.014	0.016	0.015	0.016	0.019	0.022	0.022	0.025	0.028	0.031	0.033	0.032	0.034	0.035	0.037	0.041	0.043
375.0	5.494	5.741	6.013	6.098	6.052	5.901	5.714	5.547	5.498	5.461	5.445	5.417	5.377	5.344	5.281	5.135	4.892	4.574	4.211	3.847	3.477	3.209	2.934	2.652	2.373	2.100	1.953	1.994	2.214	2.148	1.491	0.934	0.700	0.607	0.587	0.539	0.455	0.379	0.535	3.476	13.14	27.07	22.66	8.153	1.101	0.052	0.020	0.018	0.015	0.012	0.011	0.011	0.012	0.012	0.012	0.012	0.013	0.012	0.014	0.013	0.013	0.014	0.014	0.016	0.018	0.020	0.021	0.023	0.026	0.029	0.030	0.029	0.029	0.032	0.034	0.038	0.041
378.0	5.100	5.325	5.514	5.597	5.537	5.452	5.267	5.154	5.086	5.046	5.041	5.003	4.949	4.916	4.846	4.705	4.531	4.272	3.955	3.665	3.327	3.059	2.785	2.514	2.259	1.979	1.776	1.710	1.832	2.055	1.893	1.262	0.804	0.620	0.558	0.529	0.487	0.406	0.334	0.572	2.773	13.35	24.05	20.90	7.869	1.098	0.045	0.022	0.018	0.015	0.013	0.011	0.012	0.012	0.012	0.012	0.013	0.011	0.015	0.013	0.013	0.014	0.014	0.016	0.017	0.018	0.018	0.020	0.023	0.026	0.027	0.028	0.028	0.028	0.032	0.037	0.038
381.0	4.742	4.897	5.105	5.128	5.075	5.001	4.826	4.758	4.693	4.676	4.670	4.623	4.566	4.550	4.484	4.347	4.210	3.984	3.672	3.408	3.107	2.900	2.641	2.381	2.152	1.895	1.675	1.525	1.517	1.691	1.904	1.670	1.069	0.698	0.566	0.507	0.482	0.437	0.363	0.314	0.472	2.760	10.90	22.91	20.34	7.873	0.930	0.048	0.021	0.017	0.017	0.013	0.013	0.012	0.011	0.011	0.012	0.011	0.013	0.012	0.012	0.014	0.012	0.014	0.016	0.018	0.016	0.020	0.022	0.024	0.025	0.024	0.024	0.028	0.028	0.034	0.035
384.0	4.349	4.543	4.696	4.753	4.669	4.630	4.489	4.388	4.338	4.321	4.296	4.341	4.228	4.206	4.179	4.051	3.890	3.690	3.418	3.190	2.949	2.727	2.503	2.251	2.044	1.796	1.591	1.405	1.319	1.390	1.593	1.754	1.439	0.876	0.609	0.506	0.466	0.441	0.392	0.339	0.287	0.468	2.298	10.96	21.60	19.68	7.065	1.066	0.047	0.022	0.019	0.015	0.014	0.013	0.012	0.011	0.010	0.012	0.013	0.013	0.012	0.012	0.013	0.014	0.015	0.016	0.016	0.018	0.021	0.022	0.023	0.021	0.022	0.025	0.026	0.032	0.032
387.0	4.039	4.194	4.363	4.367	4.307	4.288	4.139	4.064	4.021	3.969	3.977	4.136	3.943	3.904	3.878	3.761	3.628	3.426	3.213	2.985	2.740	2.560	2.355	2.119	1.902	1.682	1.498	1.332	1.191	1.166	1.260	1.491	1.595	1.210	0.735	0.527	0.447	0.419	0.406	0.374	0.314	0.272	0.408	2.322	10.34	21.20	18.37	7.291	0.954	0.048	0.023	0.018	0.016	0.015	0.013	0.013	0.011	0.011	0.013	0.013	0.013	0.012	0.012	0.013	0.014	0.016	0.015	0.017	0.018	0.021	0.020	0.021	0.020	0.021	0.024	0.029	0.030
390.0	3.782	3.869	4.037	4.090	4.005	3.917	3.807	3.733	3.691	3.679	3.670	3.917	3.638	3.628	3.587	3.517	3.371	3.209	2.972	2.774	2.567	2.366	2.190	1.980	1.791	1.588	1.406	1.263	1.120	1.028	1.045	1.168	1.404	1.464	1.056	0.624	0.467	0.416	0.387	0.392	0.355	0.309	0.271	0.415	2.115	9.758	20.45	18.72	7.298	1.067	0.055	0.023	0.020	0.016	0.014	0.014	0.014	0.012	0.012	0.012	0.013	0.011	0.011	0.013	0.014	0.015	0.014	0.016	0.018	0.019	0.020	0.020	0.019	0.020	0.022	0.026	0.028
393.0	3.504	3.634	3.788	3.796	3.730	3.642	3.534	3.431	3.449	3.413	3.415	3.632	3.393	3.387	3.361	3.306	3.184	3.011	2.792	2.598	2.396	2.232	2.063	1.888	1.695	1.504	1.327	1.210	1.068	0.977	0.927	0.982	1.131	1.356	1.327	0.881	0.540	0.435	0.381	0.382	0.373	0.346	0.311	0.271	0.404	2.143	10.26	20.03	18.25	7.484	1.105	0.049	0.025	0.019	0.018	0.015	0.013	0.012	0.014	0.012	0.014	0.011	0.011	0.012	0.014	0.015	0.013	0.014	0.017	0.018	0.018	0.020	0.016	0.019	0.021	0.023	0.027
396.0	3.283	3.363	3.509	3.506	3.449	3.366	3.288	3.206	3.196	3.167	3.175	3.315	3.138	3.164	3.165	3.078	2.977	2.822	2.649	2.471	2.265	2.094	1.942	1.771	1.583	1.412	1.264	1.146	1.044	0.957	0.877	0.862	0.948	1.105	1.319	1.201	0.761	0.494	0.408	0.378	0.378	0.384	0.354	0.307	0.277	0.412	2.224	9.419	20.16	19.63	7.777	0.923	0.049	0.023	0.020	0.015	0.015	0.012	0.013	0.012	0.012	0.011	0.011	0.012	0.012	0.014	0.012	0.014	0.017	0.018	0.017	0.018	0.016	0.018	0.020	0.023	0.024
399.0	3.086	3.163	3.251	3.260	3.198	3.119	3.033	2.969	2.953	2.920	2.970	3.042	2.948	2.932	2.963	2.875	2.800	2.668	2.483	2.312	2.144	1.968	1.824	1.672	1.518	1.367	1.216	1.103	0.999	0.930	0.854	0.817	0.818	0.917	1.088	1.286	1.088	0.686	0.455	0.401	0.375	0.385	0.386	0.354	0.314	0.284	0.421	2.002	9.500	21.09	19.58	7.111	1.113	0.051	0.024	0.018	0.017	0.014	0.013	0.014	0.014	0.012	0.011	0.011	0.013	0.014	0.013	0.013	0.016	0.017	0.017	0.016	0.015	0.017	0.019	0.022	0.022
402.0	2.896	2.977	2.998	3.033	2.967	2.928	2.818	2.791	2.741	2.760	2.774	2.797	2.772	2.769	2.774	2.713	2.652	2.532	2.344	2.206	2.015	1.891	1.741	1.577	1.430	1.299	1.159	1.069	0.970	0.903	0.843	0.791	0.769	0.803	0.900	1.107	1.241	0.995	0.593	0.441	0.393	0.389	0.389	0.382	0.353	0.316	0.274	0.398	2.030	10.12	20.77	17.75	7.431	0.938	0.046	0.023	0.018	0.017	0.016	0.015	0.013	0.013	0.011	0.012	0.013	0.013	0.012	0.013	0.015	0.016	0.015	0.016	0.015	0.016	0.018	0.022	0.022
405.0	2.686	2.776	2.855	2.832	2.768	2.743	2.638	2.607	2.582	2.586	2.614	2.632	2.607	2.609	2.611	2.546	2.488	2.379	2.234	2.094	1.927	1.788	1.650	1.499	1.358	1.218	1.102	1.017	0.922	0.866	0.810	0.776	0.737	0.722	0.786	0.913	1.116	1.196	0.867	0.543	0.427	0.390	0.387	0.389	0.388	0.354	0.308	0.271	0.399	2.138	9.592	19.22	19.14	6.960	0.980	0.050	0.023	0.020	0.020	0.017	0.014	0.014	0.012	0.013	0.011	0.013	0.012	0.013	0.016	0.015	0.015	0.015	0.014	0.015	0.017	0.020	0.021
408.0	2.462	2.583	2.667	2.680	2.630	2.588	2.496	2.433	2.435	2.447	2.449	2.484	2.463	2.468	2.451	2.399	2.355	2.255	2.115	1.977	1.824	1.680	1.556	1.416	1.295	1.160	1.056	0.975	0.886	0.837	0.797	0.753	0.723	0.701	0.703	0.777	0.924	1.111	1.115	0.780	0.504	0.427	0.403	0.387	0.399	0.386	0.344	0.306	0.267	0.413	2.060	9.199	20.55	17.71	7.077	1.091	0.049	0.024	0.023	0.019	0.015	0.015	0.013	0.013	0.013	0.014	0.011	0.012	0.015	0.013	0.015	0.015	0.013	0.015	0.017	0.019	0.019
411.0	2.323	2.479	2.499	2.517	2.472	2.409	2.325	2.278	2.263	2.278	2.296	2.308	2.320	2.325	2.303	2.268	2.226	2.114	2.010	1.870	1.723	1.592	1.474	1.346	1.224	1.108	1.006	0.933	0.856	0.807	0.767	0.734	0.709	0.685	0.666	0.690	0.775	0.921	1.121	1.050	0.703	0.483	0.427	0.401	0.395	0.396	0.373	0.343	0.297	0.260	0.395	1.895	9.451	19.15	18.05	7.554	0.979	0.053	0.027	0.020	0.017	0.016	0.014	0.014	0.013	0.014	0.011	0.012	0.014	0.014	0.014	0.013	0.013	0.014	0.015	0.017	0.017
414.0	2.194	2.332	2.398	2.377	2.329	2.262	2.185	2.152	2.154	2.159	2.169	2.183	2.207	2.212	2.190	2.155	2.106	2.022	1.915	1.775	1.625	1.514	1.413	1.281	1.180	1.052	0.978	0.900	0.834	0.795	0.757	0.722	0.705	0.690	0.664	0.666	0.710	0.800	0.957	1.123	0.983	0.645	0.480	0.427	0.405	0.401	0.402	0.375	0.333	0.289	0.254	0.372	2.025	9.203	19.31	18.63	7.079	1.196	0.058	0.024	0.019	0.019	0.014	0.014	0.013	0.014	0.011	0.011	0.014	0.015	0.013	0.013	0.013	0.013	0.015	0.017	0.020
417.0	2.078	2.175	2.282	2.261	2.220	2.151	2.080	2.020	2.014	2.043	2.045	2.072	2.081	2.106	2.075	2.036	1.992	1.906	1.813	1.695	1.568	1.449	1.344	1.237	1.130	1.016	0.935	0.869	0.820	0.781	0.752	0.726	0.703	0.691	0.678	0.664	0.667	0.722	0.828	0.991	1.116	0.903	0.607	0.479	0.439	0.411	0.405	0.401	0.370	0.327	0.280	0.242	0.382	2.019	9.372	20.19	18.02	7.988	1.167	0.051	0.024	0.021	0.016	0.016	0.014	0.014	0.011	0.011	0.014	0.014	0.014	0.013	0.013	0.013	0.014	0.017	0.019
420.0	1.973	2.056	2.138	2.131	2.093	2.004	1.944	1.902	1.910	1.898	1.925	1.957	1.977	1.973	1.952	1.951	1.889	1.826	1.710	1.620	1.486	1.377	1.272	1.165	1.072	0.979	0.907	0.845	0.802	0.771	0.751	0.737	0.714	0.704	0.689	0.677	0.664	0.681	0.754	0.853	1.016	1.086	0.860	0.569	0.472	0.436	0.408	0.407	0.395	0.357	0.320	0.273	0.238	0.372	1.917	9.267	19.50	20.03	9.277	1.143	0.055	0.025	0.020	0.018	0.015	0.015	0.013	0.010	0.013	0.014	0.014	0.013	0.012	0.013	0.013	0.015	0.017
423.0	1.857	1.960	2.018	2.031	1.987	1.905	1.832	1.783	1.794	1.795	1.829	1.845	1.861	1.877	1.845	1.835	1.795	1.744	1.635	1.535	1.421	1.318	1.224	1.124	1.034	0.962	0.880	0.827	0.801	0.770	0.750	0.740	0.726	0.714	0.713	0.704	0.695	0.687	0.711	0.777	0.886	1.055	1.069	0.783	0.553	0.475	0.439	0.412	0.401	0.393	0.350	0.305	0.261	0.224	0.356	1.979	9.291	20.56	23.03	7.975	1.134	0.056	0.024	0.020	0.018	0.017	0.013	0.013	0.013	0.013	0.013	0.012	0.012	0.011	0.013	0.016	0.017
426.0	1.787	1.832	1.914	1.921	1.874	1.786	1.740	1.691	1.682	1.697	1.720	1.759	1.754	1.761	1.768	1.749	1.705	1.654	1.557	1.475	1.360	1.266	1.165	1.081	1.001	0.934	0.868	0.816	0.786	0.771	0.751	0.753	0.746	0.729	0.729	0.724	0.716	0.714	0.704	0.741	0.814	0.924	1.082	1.030	0.740	0.546	0.479	0.439	0.411	0.402	0.383	0.336	0.293	0.245	0.213	0.358	1.925	9.345	24.28	19.89	7.718	1.082	0.052	0.026	0.019	0.019	0.014	0.015	0.015	0.014	0.013	0.011	0.013	0.012	0.014	0.016	0.016
429.0	1.668	1.757	1.823	1.825	1.756	1.695	1.657	1.620	1.587	1.609	1.616	1.651	1.673	1.669	1.671	1.648	1.617	1.563	1.494	1.404	1.294	1.209	1.119	1.034	0.964	0.904	0.846	0.806	0.777	0.763	0.754	0.755	0.749	0.749	0.750	0.753	0.746	0.736	0.726	0.724	0.769	0.845	0.957	1.095	0.982	0.701	0.529	0.475	0.431	0.408	0.394	0.372	0.324	0.282	0.234	0.210	0.353	1.887	10.85	20.75	18.83	7.736	1.302	0.062	0.026	0.019	0.016	0.015	0.016	0.013	0.014	0.012	0.012	0.013	0.013	0.016	0.016
432.0	1.610	1.680	1.716	1.729	1.689	1.625	1.554	1.527	1.496	1.510	1.515	1.549	1.570	1.582	1.575	1.550	1.531	1.489	1.401	1.339	1.240	1.153	1.071	1.001	0.937	0.880	0.830	0.794	0.780	0.765	0.751	0.760	0.765	0.758	0.771	0.776	0.780	0.773	0.757	0.745	0.753	0.807	0.878	0.994	1.099	0.918	0.634	0.515	0.462	0.425	0.402	0.380	0.353	0.304	0.264	0.227	0.202	0.342	2.231	9.838	19.30	18.65	8.716	1.265	0.056	0.023	0.018	0.016	0.017	0.015	0.014	0.012	0.011	0.013	0.013	0.015	0.018
435.0	1.512	1.581	1.613	1.630	1.578	1.515	1.478	1.450	1.413	1.424	1.436	1.459	1.471	1.495	1.487	1.458	1.435	1.400	1.333	1.271	1.175	1.101	1.029	0.956	0.903	0.859	0.812	0.780	0.763	0.766	0.753	0.767	0.767	0.779	0.784	0.787	0.796	0.797	0.790	0.779	0.761	0.776	0.825	0.889	1.023	1.063	0.832	0.599	0.493	0.448	0.412	0.377	0.370	0.334	0.287	0.258	0.212	0.194	0.376	2.012	8.615	19.40	21.42	8.476	1.211	0.062	0.023	0.018	0.017	0.017	0.016	0.014	0.012	0.012	0.012	0.016	0.016
438.0	1.440	1.505	1.531	1.553	1.502	1.439	1.382	1.356	1.343	1.333	1.348	1.380	1.407	1.396	1.385	1.376	1.361	1.322	1.265	1.206	1.109	1.042	0.973	0.916	0.865	0.828	0.797	0.773	0.759	0.758	0.760	0.768	0.775	0.789	0.797	0.805	0.812	0.805	0.808	0.799	0.780	0.778	0.789	0.838	0.902	1.018	1.012	0.772	0.560	0.472	0.424	0.388	0.364	0.341	0.308	0.269	0.233	0.200	0.186	0.342	1.747	8.858	21.70	19.73	8.089	1.423	0.061	0.022	0.020	0.018	0.016	0.013	0.011	0.012	0.012	0.014	0.016
441.0	1.352	1.433	1.485	1.441	1.423	1.345	1.304	1.278	1.258	1.271	1.282	1.305	1.329	1.308	1.309	1.309	1.289	1.246	1.192	1.132	1.054	1.007	0.941	0.881	0.837	0.789	0.767	0.757	0.755	0.750	0.757	0.772	0.777	0.796	0.809	0.817	0.828	0.824	0.828	0.816	0.810	0.784	0.780	0.799	0.842	0.914	1.017	0.955	0.683	0.511	0.447	0.405	0.362	0.336	0.320	0.289	0.250	0.223	0.189	0.174	0.305	1.777	9.657	19.80	18.95	8.594	1.242	0.057	0.023	0.020	0.017	0.014	0.013	0.012	0.013	0.015	0.015
444.0	1.281	1.335	1.393	1.375	1.356	1.290	1.221	1.212	1.176	1.195	1.198	1.235	1.238	1.227	1.242	1.220	1.203	1.181	1.121	1.073	1.007	0.943	0.891	0.847	0.803	0.770	0.751	0.740	0.746	0.742	0.758	0.776	0.790	0.801	0.819	0.825	0.838	0.837	0.841	0.832	0.817	0.809	0.790	0.778	0.800	0.840	0.905	0.997	0.873	0.615	0.479	0.419	0.373	0.330	0.307	0.301	0.267	0.231	0.208	0.173	0.156	0.294	1.899	8.623	18.85	19.38	8.303	1.486	0.061	0.022	0.020	0.015	0.013	0.012	0.013	0.014	0.015
447.0	1.233	1.268	1.312	1.310	1.295	1.241	1.174	1.153	1.131	1.139	1.155	1.161	1.194	1.182	1.167	1.156	1.152	1.123	1.073	1.017	0.965	0.908	0.858	0.821	0.786	0.753	0.740	0.738	0.738	0.743	0.761	0.787	0.788	0.811	0.829	0.839	0.856	0.858	0.848	0.856	0.836	0.822	0.805	0.782	0.774	0.789	0.828	0.906	0.961	0.784	0.559	0.431	0.386	0.339	0.310	0.292	0.275	0.243	0.220	0.190	0.156	0.144	0.299	1.694	8.301	18.91	19.79	9.956	1.387	0.054	0.024	0.016	0.014	0.014	0.014	0.015	0.015
450.0	1.179	1.210	1.240	1.246	1.240	1.168	1.117	1.076	1.068	1.077	1.086	1.097	1.103	1.108	1.099	1.093	1.089	1.056	1.006	0.983	0.919	0.871	0.820	0.782	0.756	0.732	0.722	0.720	0.732	0.745	0.757	0.782	0.802	0.809	0.827	0.846	0.867	0.865	0.872	0.862	0.852	0.838	0.819	0.795	0.760	0.768	0.778	0.801	0.883	0.907	0.708	0.490	0.394	0.353	0.313	0.283	0.263	0.254	0.222	0.199	0.175	0.137	0.130	0.262	1.570	8.099	20.01	23.05	8.557	1.210	0.055	0.018	0.017	0.016	0.014	0.016	0.016
453.0	1.121	1.163	1.194	1.189	1.165	1.105	1.086	1.026	1.031	1.026	1.039	1.053	1.075	1.061	1.054	1.056	1.034	1.019	0.978	0.926	0.890	0.835	0.806	0.766	0.738	0.722	0.722	0.719	0.729	0.740	0.767	0.779	0.800	0.823	0.844	0.857	0.882	0.884	0.888	0.878	0.866	0.852	0.829	0.804	0.771	0.746	0.750	0.762	0.793	0.869	0.852	0.625	0.441	0.364	0.322	0.282	0.258	0.250	0.239	0.209	0.188	0.160	0.125	0.117	0.243	1.552	8.561	21.22	19.00	8.140	1.314	0.052	0.021	0.016	0.015	0.016	0.017
456.0	1.075	1.099	1.151	1.143	1.118	1.063	1.025	1.005	0.986	0.996	1.001	1.020	1.022	1.020	1.021	1.006	1.005	0.975	0.935	0.911	0.853	0.813	0.778	0.745	0.716	0.719	0.713	0.722	0.719	0.749	0.769	0.794	0.812	0.832	0.854	0.878	0.888	0.904	0.899	0.896	0.884	0.865	0.850	0.823	0.791	0.754	0.729	0.730	0.735	0.768	0.859	0.780	0.540	0.393	0.329	0.295	0.263	0.239	0.236	0.219	0.190	0.171	0.147	0.114	0.108	0.234	1.582	8.621	18.34	18.73	8.034	1.122	0.049	0.019	0.017	0.018	0.018
459.0	1.048	1.075	1.107	1.111	1.087	1.044	0.993	0.973	0.954	0.951	0.966	0.968	0.992	1.000	0.979	0.965	0.953	0.945	0.902	0.866	0.830	0.779	0.753	0.733	0.708	0.707	0.701	0.708	0.729	0.742	0.761	0.792	0.812	0.840	0.866	0.887	0.903	0.908	0.910	0.904	0.894	0.881	0.855	0.834	0.806	0.765	0.726	0.698	0.701	0.702	0.753	0.824	0.708	0.469	0.347	0.302	0.267	0.239	0.225	0.220	0.204	0.175	0.151	0.133	0.102	0.101	0.230	1.524	7.541	18.06	18.55	7.741	1.194	0.060	0.021	0.020	0.016
462.0	0.996	1.040	1.056	1.071	1.061	1.005	0.973	0.937	0.921	0.918	0.920	0.945	0.947	0.953	0.941	0.931	0.922	0.904	0.874	0.833	0.806	0.761	0.729	0.706	0.699	0.693	0.697	0.707	0.718	0.746	0.769	0.785	0.812	0.841	0.864	0.876	0.906	0.911	0.921	0.914	0.900	0.892	0.869	0.844	0.818	0.778	0.736	0.685	0.668	0.673	0.675	0.735	0.788	0.611	0.406	0.309	0.271	0.240	0.218	0.207	0.203	0.186	0.160	0.138	0.124	0.095	0.090	0.222	1.367	7.628	17.75	17.28	7.503	1.519	0.075	0.023	0.017
465.0	0.991	0.997	1.050	1.036	1.008	0.960	0.926	0.897	0.880	0.903	0.892	0.914	0.916	0.908	0.901	0.891	0.882	0.864	0.844	0.817	0.774	0.735	0.713	0.687	0.687	0.673	0.689	0.697	0.713	0.743	0.763	0.792	0.812	0.845	0.867	0.895	0.902	0.919	0.925	0.923	0.914	0.890	0.880	0.858	0.820	0.782	0.736	0.691	0.649	0.638	0.635	0.652	0.720	0.731	0.536	0.354	0.282	0.247	0.221	0.198	0.190	0.181	0.168	0.144	0.135	0.115	0.085	0.087	0.203	1.365	7.164	16.45	17.47	9.099	1.594	0.081	0.021
468.0	0.941	0.956	0.986	0.985	0.983	0.938	0.893	0.877	0.848	0.858	0.855	0.860	0.874	0.870	0.868	0.854	0.844	0.834	0.802	0.771	0.736	0.704	0.684	0.651	0.660	0.662	0.665	0.686	0.699	0.728	0.759	0.783	0.808	0.832	0.851	0.881	0.895	0.906	0.917	0.906	0.901	0.894	0.880	0.841	0.814	0.779	0.736	0.685	0.640	0.606	0.594	0.595	0.607	0.690	0.659	0.460	0.305	0.249	0.223	0.197	0.176	0.163	0.168	0.155	0.131	0.122	0.102	0.080	0.084	0.197	1.237	6.774	16.39	18.27	8.802	1.905	0.075
471.0	0.901	0.917	0.944	0.946	0.927	0.899	0.876	0.849	0.815	0.814	0.832	0.841	0.832	0.840	0.816	0.814	0.811	0.796	0.765	0.738	0.714	0.684	0.652	0.640	0.642	0.645	0.651	0.676	0.694	0.719	0.740	0.772	0.802	0.820	0.849	0.876	0.893	0.900	0.912	0.918	0.897	0.878	0.872	0.836	0.813	0.772	0.727	0.675	0.632	0.587	0.563	0.550	0.554	0.589	0.656	0.577	0.376	0.267	0.224	0.196	0.177	0.157	0.152	0.160	0.138	0.120	0.112	0.093	0.073	0.077	0.181	1.251	6.578	15.70	17.91	9.634	1.357
474.0	0.864	0.904	0.924	0.900	0.882	0.864	0.843	0.803	0.788	0.781	0.794	0.797	0.802	0.797	0.790	0.777	0.779	0.749	0.741	0.713	0.681	0.653	0.636	0.617	0.617	0.621	0.637	0.656	0.676	0.700	0.735	0.757	0.773	0.817	0.837	0.858	0.878	0.890	0.900	0.905	0.884	0.872	0.862	0.826	0.798	0.760	0.715	0.678	0.625	0.580	0.533	0.516	0.518	0.513	0.554	0.616	0.497	0.327	0.230	0.196	0.175	0.152	0.133	0.143	0.140	0.128	0.106	0.105	0.086	0.064	0.072	0.176	1.095	5.814	15.41	18.71	7.971
477.0	0.839	0.852	0.880	0.877	0.859	0.828	0.805	0.786	0.744	0.750	0.759	0.770	0.773	0.758	0.757	0.754	0.742	0.732	0.713	0.692	0.657	0.624	0.613	0.598	0.595	0.609	0.624	0.639	0.665	0.686	0.716	0.734	0.770	0.795	0.820	0.852	0.863	0.887	0.896	0.890	0.877	0.871	0.837	0.818	0.789	0.755	0.710	0.668	0.610	0.576	0.525	0.483	0.481	0.478	0.482	0.552	0.574	0.444	0.270	0.201	0.172	0.149	0.131	0.128	0.129	0.129	0.111	0.101	0.100	0.079	0.062	0.064	0.159	0.997	5.704	15.61	16.72
480.0	0.788	0.807	0.828	0.850	0.803	0.797	0.758	0.733	0.722	0.723	0.737	0.736	0.726	0.732	0.728	0.709	0.703	0.690	0.676	0.655	0.630	0.600	0.587	0.575	0.576	0.592	0.599	0.626	0.643	0.662	0.706	0.718	0.746	0.786	0.809	0.835	0.839	0.870	0.869	0.869	0.851	0.846	0.826	0.800	0.769	0.740	0.698	0.648	0.602	0.562	0.516	0.470	0.439	0.433	0.436	0.442	0.526	0.532	0.367	0.222	0.175	0.152	0.132	0.125	0.115	0.122	0.122	0.108	0.096	0.094	0.073	0.056	0.061	0.147	0.914	5.617	15.04
483.0	0.769	0.774	0.785	0.799	0.772	0.751	0.744	0.698	0.687	0.683	0.694	0.698	0.690	0.691	0.686	0.681	0.672	0.649	0.646	0.620	0.602	0.577	0.563	0.549	0.546	0.568	0.575	0.594	0.614	0.637	0.672	0.704	0.734	0.756	0.782	0.809	0.820	0.839	0.836	0.832	0.828	0.819	0.811	0.779	0.747	0.719	0.673	0.625	0.582	0.545	0.499	0.449	0.421	0.394	0.403	0.395	0.418	0.492	0.468	0.299	0.188	0.146	0.133	0.119	0.105	0.104	0.108	0.112	0.096	0.089	0.083	0.064	0.052	0.055	0.137	0.916	5.633
486.0	0.747	0.735	0.754	0.755	0.729	0.730	0.694	0.677	0.666	0.654	0.661	0.665	0.671	0.658	0.651	0.645	0.634	0.631	0.616	0.601	0.574	0.549	0.546	0.521	0.523	0.542	0.550	0.570	0.600	0.617	0.660	0.685	0.702	0.736	0.758	0.785	0.804	0.812	0.820	0.813	0.806	0.800	0.775	0.763	0.729	0.698	0.654	0.615	0.565	0.521	0.485	0.442	0.405	0.373	0.358	0.362	0.362	0.403	0.477	0.412	0.251	0.152	0.131	0.116	0.102	0.097	0.094	0.102	0.103	0.087	0.081	0.076	0.060	0.047	0.057	0.138	0.929
489.0	0.851	0.725	0.728	0.713	0.699	0.697	0.660	0.624	0.626	0.628	0.618	0.616	0.632	0.621	0.624	0.609	0.599	0.593	0.573	0.572	0.547	0.518	0.511	0.498	0.503	0.517	0.527	0.551	0.574	0.593	0.636	0.656	0.680	0.706	0.738	0.744	0.765	0.780	0.790	0.783	0.785	0.767	0.757	0.721	0.702	0.668	0.632	0.594	0.544	0.513	0.477	0.425	0.391	0.354	0.325	0.328	0.331	0.337	0.383	0.450	0.360	0.200	0.137	0.113	0.102	0.092	0.083	0.087	0.099	0.096	0.080	0.077	0.071	0.054	0.048	0.056	0.139
492.0	1.515	0.671	0.695	0.684	0.669	0.655	0.629	0.606	0.597	0.589	0.591	0.586	0.585	0.597	0.582	0.575	0.567	0.561	0.547	0.531	0.514	0.497	0.483	0.482	0.475	0.490	0.514	0.520	0.550	0.568	0.603	0.636	0.651	0.680	0.704	0.723	0.737	0.747	0.763	0.747	0.751	0.737	0.725	0.705	0.674	0.643	0.607	0.570	0.524	0.488	0.451	0.413	0.379	0.343	0.315	0.287	0.292	0.294	0.312	0.377	0.416	0.300	0.162	0.117	0.100	0.093	0.082	0.078	0.079	0.092	0.084	0.073	0.071	0.072	0.053	0.047	0.055
495.0	3.504	0.795	0.634	0.652	0.643	0.607	0.600	0.584	0.564	0.562	0.546	0.564	0.573	0.564	0.556	0.548	0.541	0.545	0.519	0.511	0.489	0.478	0.465	0.455	0.458	0.468	0.495	0.501	0.535	0.547	0.577	0.606	0.627	0.654	0.672	0.707	0.714	0.722	0.730	0.735	0.724	0.709	0.705	0.672	0.652	0.619	0.595	0.559	0.514	0.465	0.436	0.401	0.362	0.328	0.302	0.268	0.259	0.273	0.274	0.301	0.368	0.382	0.243	0.137	0.098	0.093	0.082	0.074	0.070	0.079	0.084	0.082	0.066	0.067	0.063	0.051	0.046
498.0	7.245	1.648	0.612	0.614	0.611	0.606	0.567	0.546	0.549	0.544	0.507	0.545	0.545	0.527	0.532	0.524	0.517	0.520	0.495	0.486	0.461	0.450	0.447	0.438	0.440	0.450	0.473	0.493	0.509	0.523	0.559	0.582	0.595	0.623	0.642	0.669	0.689	0.691	0.701	0.699	0.697	0.688	0.675	0.660	0.630	0.597	0.565	0.529	0.491	0.452	0.420	0.386	0.351	0.323	0.287	0.261	0.240	0.237	0.245	0.257	0.284	0.375	0.341	0.206	0.114	0.089	0.080	0.074	0.068	0.069	0.071	0.081	0.074	0.064	0.064	0.062	0.049
501.0	11.24	3.994	0.699	0.591	0.585	0.559	0.542	0.528	0.517	0.495	0.495	0.517	0.512	0.504	0.510	0.495	0.487	0.484	0.476	0.466	0.440	0.432	0.421	0.422	0.427	0.433	0.450	0.470	0.488	0.507	0.529	0.555	0.580	0.603	0.627	0.652	0.663	0.663	0.673	0.667	0.672	0.662	0.643	0.636	0.596	0.572	0.547	0.510	0.468	0.438	0.402	0.371	0.344	0.309	0.277	0.249	0.234	0.209	0.218	0.230	0.234	0.287	0.364	0.305	0.162	0.099	0.082	0.071	0.069	0.065	0.061	0.070	0.078	0.072	0.061	0.067	0.059
504.0	13.68	8.033	1.518	0.579	0.560	0.545	0.521	0.502	0.502	0.492	0.483	0.479	0.501	0.487	0.481	0.466	0.477	0.461	0.451	0.444	0.422	0.404	0.395	0.398	0.405	0.413	0.431	0.450	0.468	0.493	0.514	0.534	0.555	0.574	0.601	0.611	0.635	0.651	0.645	0.644	0.648	0.632	0.617	0.607	0.577	0.552	0.528	0.489	0.456	0.417	0.391	0.359	0.328	0.296	0.270	0.242	0.218	0.199	0.196	0.199	0.213	0.224	0.294	0.347	0.257	0.136	0.083	0.071	0.068	0.063	0.059	0.059	0.067	0.075	0.068	0.062	0.063
507.0	12.30	12.45	3.881	0.707	0.538	0.522	0.505	0.492	0.471	0.461	0.476	0.472	0.473	0.468	0.460	0.452	0.446	0.436	0.431	0.423	0.402	0.389	0.380	0.382	0.386	0.394	0.418	0.425	0.452	0.474	0.487	0.507	0.533	0.560	0.574	0.590	0.606	0.611	0.624	0.618	0.621	0.607	0.596	0.579	0.553	0.533	0.504	0.473	0.432	0.406	0.379	0.346	0.319	0.283	0.259	0.233	0.213	0.190	0.177	0.169	0.189	0.198	0.220	0.294	0.330	0.219	0.108	0.075	0.070	0.064	0.057	0.053	0.058	0.066	0.073	0.067	0.061
510.0	8.023	14.73	8.284	1.718	0.547	0.515	0.479	0.466	0.454	0.458	0.451	0.447	0.452	0.436	0.435	0.428	0.430	0.418	0.412	0.392	0.390	0.366	0.365	0.367	0.369	0.379	0.393	0.410	0.426	0.441	0.467	0.488	0.514	0.531	0.546	0.566	0.581	0.589	0.596	0.595	0.591	0.581	0.568	0.551	0.531	0.509	0.478	0.455	0.422	0.387	0.359	0.331	0.306	0.275	0.249	0.229	0.207	0.179	0.169	0.154	0.160	0.174	0.184	0.210	0.300	0.296	0.173	0.092	0.071	0.062	0.058	0.052	0.050	0.054	0.066	0.077	0.066
513.0	3.418	12.80	13.18	4.510	0.717	0.490	0.459	0.442	0.434	0.439	0.429	0.425	0.425	0.425	0.416	0.416	0.399	0.399	0.389	0.372	0.373	0.355	0.344	0.345	0.352	0.360	0.369	0.384	0.404	0.432	0.452	0.471	0.493	0.506	0.530	0.539	0.555	0.555	0.570	0.566	0.565	0.555	0.548	0.524	0.513	0.495	0.468	0.437	0.402	0.376	0.341	0.320	0.291	0.263	0.245	0.216	0.198	0.174	0.163	0.149	0.143	0.149	0.165	0.174	0.221	0.295	0.263	0.149	0.083	0.064	0.056	0.054	0.049	0.048	0.055	0.070	0.072
516.0	1.226	7.987	15.96	9.191	1.819	0.479	0.445	0.423	0.417	0.421	0.407	0.417	0.411	0.407	0.392	0.391	0.383	0.385	0.374	0.357	0.355	0.338	0.327	0.338	0.337	0.348	0.352	0.376	0.396	0.409	0.436	0.447	0.474	0.475	0.502	0.512	0.532	0.531	0.549	0.546	0.542	0.533	0.519	0.506	0.486	0.469	0.441	0.414	0.387	0.355	0.338	0.306	0.280	0.255	0.227	0.212	0.192	0.170	0.155	0.143	0.130	0.125	0.145	0.158	0.171	0.222	0.293	0.240	0.117	0.069	0.058	0.050	0.049	0.046	0.047	0.055	0.070
519.0	0.748	3.124	14.15	14.92	4.798	0.652	0.437	0.412	0.404	0.395	0.379	0.395	0.388	0.385	0.378	0.371	0.370	0.364	0.357	0.340	0.342	0.314	0.314	0.325	0.328	0.327	0.337	0.355	0.378	0.394	0.410	0.436	0.444	0.460	0.484	0.493	0.510	0.518	0.518	0.521	0.521	0.508	0.498	0.481	0.464	0.442	0.423	0.403	0.368	0.342	0.320	0.289	0.268	0.251	0.224	0.201	0.185	0.167	0.150	0.140	0.124	0.109	0.118	0.136	0.150	0.163	0.233	0.279	0.193	0.091	0.061	0.050	0.050	0.046	0.045	0.048	0.057
522.0	0.691	1.068	9.001	17.58	9.735	1.709	0.430	0.401	0.393	0.388	0.375	0.376	0.382	0.369	0.367	0.352	0.357	0.338	0.337	0.330	0.322	0.299	0.300	0.311	0.308	0.316	0.327	0.341	0.357	0.382	0.391	0.419	0.423	0.442	0.470	0.476	0.485	0.478	0.496	0.495	0.488	0.489	0.472	0.462	0.449	0.427	0.406	0.381	0.352	0.322	0.306	0.279	0.257	0.238	0.214	0.193	0.179	0.160	0.145	0.134	0.120	0.104	0.102	0.113	0.137	0.145	0.166	0.236	0.255	0.154	0.076	0.053	0.047	0.047	0.044	0.046	0.047
525.0	0.689	0.720	3.717	15.69	14.99	4.519	0.653	0.390	0.384	0.369	0.361	0.361	0.367	0.349	0.350	0.338	0.332	0.330	0.323	0.311	0.303	0.293	0.280	0.290	0.298	0.297	0.314	0.332	0.347	0.361	0.369	0.396	0.410	0.425	0.439	0.456	0.466	0.469	0.475	0.477	0.475	0.463	0.458	0.444	0.425	0.408	0.385	0.370	0.336	0.316	0.294	0.266	0.246	0.222	0.204	0.185	0.172	0.156	0.140	0.129	0.118	0.106	0.096	0.095	0.112	0.130	0.140	0.163	0.245	0.225	0.126	0.065	0.049	0.048	0.044	0.045	0.044
528.0	0.695	0.678	1.142	9.583	17.31	9.574	1.887	0.389	0.379	0.361	0.358	0.355	0.347	0.334	0.339	0.328	0.327	0.319	0.309	0.294	0.291	0.283	0.272	0.273	0.282	0.292	0.305	0.312	0.326	0.350	0.360	0.372	0.394	0.398	0.415	0.424	0.440	0.448	0.459	0.447	0.454	0.444	0.432	0.422	0.406	0.388	0.370	0.350	0.320	0.298	0.278	0.258	0.234	0.216	0.195	0.182	0.162	0.155	0.139	0.128	0.112	0.103	0.092	0.090	0.092	0.110	0.132	0.133	0.182	0.242	0.204	0.100	0.054	0.046	0.045	0.044	0.047
531.0	0.732	0.662	0.671	3.734	14.70	15.13	4.950	0.604	0.371	0.342	0.338	0.343	0.337	0.331	0.331	0.319	0.314	0.297	0.293	0.282	0.279	0.272	0.268	0.263	0.270	0.272	0.284	0.302	0.314	0.324	0.343	0.355	0.380	0.384	0.401	0.407	0.428	0.426	0.430	0.433	0.428	0.418	0.409	0.403	0.386	0.374	0.354	0.331	0.311	0.291	0.271	0.249	0.225	0.207	0.189	0.168	0.156	0.145	0.128	0.122	0.110	0.100	0.093	0.090	0.085	0.091	0.114	0.122	0.136	0.191	0.238	0.167	0.079	0.051	0.045	0.043	0.045
534.0	0.878	0.674	0.653	1.109	8.477	17.70	10.25	1.821	0.348	0.342	0.318	0.329	0.327	0.321	0.315	0.307	0.294	0.291	0.287	0.272	0.265	0.262	0.250	0.256	0.267	0.257	0.284	0.291	0.308	0.316	0.328	0.337	0.358	0.375	0.380	0.396	0.402	0.407	0.415	0.409	0.409	0.405	0.392	0.388	0.378	0.351	0.340	0.321	0.297	0.274	0.257	0.231	0.218	0.199	0.180	0.161	0.151	0.141	0.128	0.116	0.109	0.093	0.091	0.088	0.081	0.078	0.094	0.108	0.120	0.135	0.200	0.218	0.133	0.069	0.052	0.047	0.047
537.0	1.142	0.744	0.668	0.698	3.063	15.20	15.84	5.133	0.601	0.333	0.324	0.332	0.317	0.310	0.298	0.301	0.289	0.275	0.279	0.266	0.250	0.255	0.246	0.236	0.254	0.254	0.268	0.276	0.290	0.302	0.316	0.320	0.340	0.348	0.363	0.379	0.384	0.392	0.395	0.392	0.390	0.382	0.376	0.372	0.353	0.338	0.322	0.303	0.279	0.259	0.241	0.224	0.209	0.188	0.176	0.153	0.150	0.131	0.124	0.110	0.111	0.098	0.085	0.081	0.076	0.074	0.080	0.092	0.111	0.110	0.138	0.199	0.201	0.126	0.061	0.050	0.048
540.0	1.476	0.883	0.675	0.706	1.002	9.108	18.03	10.59	1.890	0.355	0.323	0.320	0.313	0.304	0.303	0.288	0.275	0.269	0.277	0.253	0.246	0.240	0.227	0.234	0.242	0.240	0.253	0.259	0.281	0.284	0.299	0.305	0.324	0.335	0.340	0.359	0.359	0.370	0.373	0.372	0.370	0.368	0.361	0.351	0.334	0.317	0.302	0.292	0.274	0.250	0.231	0.221	0.201	0.180	0.167	0.148	0.142	0.129	0.123	0.108	0.103	0.093	0.082	0.081	0.078	0.069	0.067	0.078	0.093	0.102	0.107	0.144	0.208	0.184	0.098	0.057	0.046
543.0	1.803	1.124	0.737	0.716	0.733	3.309	14.91	16.72	5.243	0.636	0.315	0.311	0.304	0.294	0.290	0.273	0.267	0.251	0.248	0.245	0.235	0.224	0.228	0.225	0.222	0.224	0.236	0.241	0.258	0.268	0.282	0.296	0.312	0.328	0.326	0.335	0.344	0.347	0.357	0.356	0.355	0.349	0.334	0.323	0.319	0.300	0.285	0.279	0.254	0.239	0.220	0.207	0.194	0.175	0.161	0.144	0.136	0.126	0.118	0.107	0.102	0.091	0.079	0.081	0.075	0.068	0.065	0.067	0.075	0.094	0.101	0.107	0.156	0.198	0.160	0.085	0.050
546.0	1.907	1.442	0.829	0.735	0.769	1.094	8.296	18.96	10.87	2.070	0.316	0.299	0.302	0.287	0.281	0.266	0.264	0.251	0.234	0.234	0.217	0.220	0.213	0.218	0.214	0.211	0.232	0.235	0.240	0.262	0.269	0.277	0.294	0.300	0.314	0.317	0.318	0.327	0.333	0.338	0.333	0.336	0.322	0.308	0.307	0.287	0.273	0.267	0.236	0.220	0.215	0.194	0.185	0.173	0.154	0.137	0.133	0.121	0.117	0.109	0.101	0.091	0.080	0.081	0.071	0.066	0.064	0.059	0.066	0.077	0.093	0.093	0.107	0.158	0.198	0.141	0.067
549.0	1.789	1.753	1.051	0.751	0.795	0.798	2.927	15.63	17.28	5.678	0.569	0.286	0.287	0.276	0.279	0.254	0.250	0.235	0.238	0.225	0.208	0.202	0.204	0.209	0.205	0.205	0.216	0.231	0.232	0.240	0.253	0.262	0.286	0.285	0.291	0.299	0.303	0.307	0.313	0.316	0.315	0.314	0.301	0.296	0.289	0.276	0.258	0.246	0.232	0.215	0.198	0.179	0.169	0.163	0.144	0.138	0.125	0.118	0.105	0.102	0.096	0.079	0.083	0.078	0.072	0.063	0.065	0.059	0.060	0.059	0.079	0.090	0.091	0.113	0.170	0.185	0.111
552.0	1.534	1.959	1.395	0.919	0.837	0.850	1.077	8.579	19.65	12.25	1.907	0.313	0.286	0.274	0.266	0.255	0.243	0.227	0.229	0.222	0.208	0.195	0.197	0.199	0.194	0.210	0.213	0.212	0.219	0.234	0.243	0.252	0.262	0.270	0.275	0.288	0.290	0.295	0.298	0.296	0.302	0.291	0.282	0.277	0.275	0.261	0.242	0.238	0.216	0.191	0.190	0.173	0.167	0.150	0.143	0.139	0.119	0.112	0.107	0.103	0.091	0.081	0.083	0.077	0.067	0.068	0.063	0.061	0.060	0.055	0.062	0.077	0.084	0.090	0.116	0.175	0.167
555.0	1.317	1.884	1.850	1.117	0.867	0.967	0.919	2.948	16.44	19.13	5.414	0.670	0.284	0.270	0.244	0.240	0.241	0.223	0.214	0.209	0.197	0.191	0.187	0.193	0.195	0.197	0.210	0.200	0.214	0.223	0.235	0.244	0.243	0.265	0.271	0.271	0.275	0.274	0.288	0.285	0.291	0.273	0.271	0.270	0.253	0.245	0.231	0.221	0.206	0.190	0.184	0.173	0.161	0.143	0.141	0.127	0.113	0.107	0.105	0.101	0.083	0.079	0.081	0.070	0.070	0.068	0.071	0.064	0.060	0.051	0.053	0.064	0.079	0.088	0.092	0.134	0.178
558.0	1.186	1.672	2.116	1.488	0.985	1.028	1.019	1.127	9.025	21.42	12.20	2.339	0.293	0.258	0.250	0.233	0.225	0.212	0.209	0.196	0.189	0.183	0.177	0.188	0.180	0.186	0.191	0.194	0.200	0.206	0.226	0.226	0.234	0.246	0.249	0.263	0.258	0.270	0.271	0.268	0.265	0.262	0.259	0.254	0.244	0.229	0.228	0.209	0.194	0.186	0.175	0.165	0.155	0.143	0.135	0.128	0.116	0.101	0.107	0.097	0.090	0.079	0.080	0.078	0.072	0.069	0.066	0.065	0.061	0.053	0.058	0.058	0.067	0.082	0.086	0.096	0.150
561.0	1.114	1.430	2.190	1.969	1.237	1.042	1.121	0.987	3.027	17.23	19.72	6.737	0.627	0.254	0.245	0.233	0.216	0.210	0.202	0.189	0.183	0.171	0.160	0.181	0.174	0.174	0.176	0.192	0.189	0.204	0.206	0.212	0.232	0.240	0.230	0.248	0.245	0.254	0.260	0.259	0.254	0.248	0.241	0.245	0.228	0.227	0.215	0.196	0.184	0.176	0.172	0.148	0.149	0.136	0.121	0.122	0.107	0.100	0.104	0.095	0.092	0.082	0.078	0.074	0.067	0.065	0.069	0.062	0.061	0.054	0.058	0.050	0.053	0.069	0.081	0.090	0.105
564.0	1.050	1.286	2.044	2.340	1.617	1.157	1.122	1.041	1.152	8.879	22.79	14.69	2.180	0.281	0.250	0.229	0.219	0.216	0.195	0.196	0.181	0.172	0.159	0.175	0.183	0.169	0.173	0.191	0.188	0.193	0.198	0.212	0.218	0.227	0.233	0.233	0.237	0.238	0.244	0.249	0.241	0.241	0.236	0.236	0.222	0.206	0.200	0.191	0.175	0.171	0.162	0.148	0.148	0.136	0.122	0.120	0.107	0.103	0.094	0.090	0.094	0.082	0.080	0.076	0.069	0.065	0.068	0.067	0.060	0.053	0.054	0.050	0.046	0.058	0.076	0.087	0.085
567.0	1.080	1.158	1.755	2.465	2.015	1.344	1.200	1.148	1.001	2.799	18.66	23.00	6.694	0.647	0.258	0.241	0.208	0.201	0.197	0.187	0.184	0.174	0.162	0.174	0.164	0.166	0.168	0.182	0.178	0.186	0.186	0.204	0.204	0.220	0.231	0.226	0.228	0.225	0.230	0.232	0.232	0.231	0.219	0.216	0.210	0.204	0.187	0.180	0.167	0.167	0.151	0.146	0.136	0.133	0.125	0.111	0.114	0.108	0.097	0.094	0.094	0.079	0.078	0.071	0.070	0.065	0.067	0.063	0.064	0.052	0.057	0.050	0.046	0.048	0.064	0.075	0.088
570.0	1.075	1.106	1.482	2.399	2.445	1.672	1.266	1.220	1.135	1.164	9.973	25.51	14.94	2.428	0.289	0.224	0.213	0.198	0.204	0.181	0.166	0.160	0.176	0.166	0.165	0.158	0.163	0.171	0.168	0.177	0.184	0.193	0.207	0.201	0.220	0.212	0.221	0.222	0.224	0.229	0.223	0.223	0.214	0.209	0.209	0.208	0.186	0.172	0.163	0.154	0.153	0.146	0.134	0.130	0.120	0.110	0.106	0.104	0.097	0.094	0.092	0.075	0.076	0.068	0.069	0.067	0.068	0.063	0.065	0.057	0.054	0.054	0.051	0.050	0.057	0.074	0.086
573.0	1.112	1.172	1.332	2.088	2.755	2.226	1.476	1.313	1.228	1.084	3.072	19.55	24.19	7.579	0.845	0.225	0.226	0.191	0.187	0.185	0.166	0.157	0.164	0.165	0.160	0.158	0.154	0.161	0.163	0.174	0.163	0.189	0.198	0.208	0.203	0.209	0.213	0.213	0.218	0.227	0.211	0.215	0.208	0.202	0.206	0.191	0.182	0.166	0.158	0.145	0.151	0.137	0.130	0.126	0.113	0.115	0.102	0.100	0.094	0.089	0.096	0.079	0.076	0.071	0.070	0.065	0.065	0.062	0.062	0.060	0.052	0.055	0.050	0.050	0.052	0.064	0.074
576.0	1.168	1.238	1.302	1.810	2.725	2.746	1.857	1.424	1.284	1.214	1.171	9.354	27.46	17.26	3.311	0.270	0.213	0.190	0.186	0.162	0.164	0.159	0.153	0.162	0.158	0.159	0.165	0.158	0.162	0.159	0.156	0.192	0.181	0.201	0.206	0.202	0.196	0.219	0.205	0.213	0.203	0.200	0.195	0.196	0.193	0.179	0.177	0.167	0.149	0.148	0.144	0.124	0.128	0.125	0.115	0.108	0.100	0.099	0.090	0.093	0.093	0.083	0.073	0.067	0.070	0.072	0.061	0.074	0.064	0.058	0.054	0.051	0.049	0.051	0.050	0.056	0.068
579.0	1.168	1.313	1.258	1.643	2.453	3.107	2.358	1.578	1.367	1.299	1.047	2.636	21.89	27.41	9.796	0.780	0.224	0.188	0.186	0.180	0.177	0.154	0.166	0.153	0.157	0.148	0.156	0.169	0.162	0.168	0.164	0.180	0.183	0.195	0.197	0.197	0.189	0.199	0.197	0.199	0.205	0.202	0.195	0.188	0.189	0.174	0.164	0.168	0.148	0.142	0.143	0.119	0.123	0.117	0.117	0.105	0.092	0.095	0.093	0.086	0.099	0.082	0.071	0.073	0.069	0.064	0.066	0.066	0.061	0.056	0.060	0.051	0.052	0.050	0.047	0.055	0.058
582.0	1.225	1.358	1.327	1.538	2.184	3.211	2.907	1.854	1.441	1.311	1.151	1.042	10.47	29.59	21.15	3.368	0.296	0.209	0.183	0.181	0.164	0.158	0.155	0.154	0.146	0.144	0.151	0.164	0.147	0.153	0.167	0.178	0.171	0.173	0.191	0.186	0.188	0.191	0.193	0.192	0.192	0.186	0.190	0.176	0.175	0.173	0.170	0.158	0.148	0.148	0.132	0.130	0.118	0.116	0.118	0.115	0.093	0.104	0.091	0.089	0.093	0.083	0.080	0.076	0.066	0.073	0.070	0.066	0.059	0.063	0.060	0.047	0.057	0.053	0.043	0.052	0.060
585.0	1.241	1.306	1.393	1.475	1.932	2.928	3.330	2.341	1.562	1.395	1.248	0.978	2.927	22.43	31.45	10.34	1.000	0.196	0.194	0.179	0.173	0.149	0.166	0.139	0.152	0.149	0.156	0.149	0.147	0.153	0.160	0.171	0.167	0.169	0.179	0.171	0.192	0.186	0.179	0.178	0.190	0.179	0.181	0.178	0.175	0.165	0.160	0.153	0.136	0.149	0.129	0.126	0.126	0.121	0.112	0.111	0.095	0.104	0.098	0.085	0.095	0.086	0.081	0.079	0.055	0.071	0.066	0.071	0.068	0.063	0.059	0.052	0.056	0.057	0.051	0.054	0.057
588.0	1.324	1.320	1.503	1.626	1.832	2.537	3.582	2.917	1.858	1.439	1.377	1.076	0.986	10.19	32.89	23.18	4.029	0.312	0.194	0.175	0.150	0.165	0.160	0.143	0.149	0.141	0.153	0.151	0.149	0.146	0.165	0.165	0.153	0.154	0.167	0.169	0.175	0.181	0.189	0.169	0.175	0.174	0.169	0.162	0.169	0.152	0.159	0.142	0.135	0.131	0.134	0.123	0.126	0.118	0.109	0.107	0.100	0.105	0.092	0.081	0.099	0.088	0.080	0.080	0.064	0.079	0.068	0.068	0.079	0.062	0.059	0.058	0.057	0.058	0.047	0.044	0.065
591.0	1.440	1.447	1.588	1.731	1.868	2.381	3.363	3.490	2.378	1.632	1.433	1.250	0.904	2.709	22.97	35.07	12.00	1.188	0.220	0.195	0.163	0.154	0.153	0.147	0.149	0.144	0.147	0.149	0.139	0.154	0.156	0.169	0.157	0.174	0.169	0.161	0.170	0.172	0.184	0.174	0.167	0.170	0.161	0.166	0.171	0.158	0.145	0.134	0.128	0.134	0.133	0.119	0.119	0.108	0.105	0.101	0.096	0.104	0.085	0.087	0.088	0.082	0.086	0.084	0.063	0.076	0.074	0.063	0.080	0.068	0.060	0.062	0.055	0.054	0.052	0.056	0.067
594.0	1.671	1.756	1.849	1.950	2.140	2.472	3.192	3.923	3.098	1.951	1.574	1.414	1.084	1.015	9.648	36.74	24.84	4.679	0.301	0.189	0.162	0.150	0.165	0.159	0.139	0.142	0.144	0.154	0.165	0.149	0.160	0.166	0.166	0.156	0.166	0.154	0.158	0.165	0.175	0.173	0.163	0.180	0.168	0.153	0.165	0.153	0.151	0.138	0.135	0.127	0.125	0.122	0.123	0.117	0.115	0.100	0.107	0.102	0.077	0.106	0.094	0.073	0.083	0.082	0.073	0.077	0.083	0.065	0.068	0.070	0.057	0.063	0.056	0.055	0.051	0.063	0.067
597.0	1.979	2.133	2.192	2.358	2.534	2.764	3.201	4.165	3.876	2.637	1.816	1.585	1.382	1.070	2.525	25.91	36.44	13.95	1.195	0.227	0.168	0.156	0.178	0.169	0.146	0.128	0.136	0.158	0.151	0.141	0.149	0.164	0.167	0.161	0.167	0.154	0.162	0.168	0.166	0.159	0.167	0.169	0.167	0.154	0.159	0.140	0.147	0.134	0.133	0.128	0.130	0.113	0.119	0.111	0.114	0.101	0.105	0.101	0.082	0.110	0.100	0.071	0.085	0.084	0.075	0.080	0.082	0.069	0.076	0.074	0.068	0.064	0.061	0.057	0.048	0.067	0.068
600.0	2.124	2.541	2.550	2.918	2.833	3.155	3.473	4.145	4.583	3.234	2.247	1.798	1.496	1.268	1.158	16.47	39.86	23.09	2.843	0.265	0.201	0.150	0.182	0.172	0.151	0.153	0.134	0.180	0.165	0.157	0.159	0.174	0.183	0.172	0.167	0.149	0.154	0.149	0.150	0.198	0.180	0.141	0.177	0.164	0.188	0.150	0.152	0.148	0.153	0.131	0.110	0.100	0.115	0.128	0.118	0.105	0.126	0.117	0.073	0.111	0.103	0.084	0.096	0.109	0.087	0.078	0.080	0.069	0.076	0.069	0.055	0.076	0.058	0.061	0.071	0.072	0.071
