270.0	0.877	0.648	0.435	0.321	0.259	0.286	0.347	0.299	0.204	0.187	0.199	0.184	0.146	0.122	0.114	0.110	0.101	0.096	0.090	0.085	0.076	0.073	0.069	0.063	0.058	0.051	0.051	0.047	0.043	0.037	0.034	0.034	0.030	0.029	0.029	0.022	0.029	0.022	0.024	0.023	0.022	0.021	0.020	0.018	0.019	0.018	0.017	0.019	0.017	0.013	0.015	0.017	0.014	0.015	0.015	0.015	0.013	0.014	0.017	0.014	0.016	0.015	0.013	0.012	0.014	0.014	0.013	0.013	0.014	0.012	0.012	0.012	0.011	0.012	0.012	0.015	0.016
273.0	0.968	0.756	0.505	0.389	0.309	0.272	0.312	0.348	0.319	0.259	0.262	0.254	0.184	0.142	0.126	0.114	0.111	0.107	0.098	0.086	0.076	0.074	0.068	0.061	0.058	0.050	0.051	0.047	0.043	0.038	0.036	0.034	0.030	0.027	0.029	0.023	0.025	0.022	0.024	0.023	0.023	0.021	0.020	0.018	0.020	0.018	0.016	0.017	0.018	0.013	0.015	0.017	0.015	0.015	0.014	0.014	0.013	0.014	0.016	0.013	0.015	0.015	0.016	0.013	0.013	0.013	0.013	0.012	0.014	0.014	0.013	0.012	0.011	0.011	0.012	0.015	0.016
276.0	1.301	1.065	0.835	0.698	0.605	0.559	0.563	0.591	0.656	1.313	2.273	1.727	0.698	0.268	0.166	0.135	0.119	0.111	0.099	0.092	0.079	0.077	0.071	0.059	0.057	0.050	0.051	0.046	0.044	0.039	0.036	0.035	0.031	0.028	0.029	0.026	0.026	0.024	0.025	0.023	0.021	0.020	0.019	0.018	0.016	0.018	0.016	0.017	0.017	0.014	0.013	0.015	0.016	0.015	0.013	0.015	0.013	0.016	0.014	0.013	0.015	0.016	0.016	0.015	0.015	0.015	0.014	0.014	0.015	0.014	0.013	0.012	0.012	0.012	0.014	0.017	0.017
279.0	3.498	3.361	3.180	3.063	2.984	2.983	2.964	2.976	3.129	8.159	22.57	19.66	6.413	1.243	0.355	0.178	0.142	0.124	0.114	0.100	0.086	0.083	0.073	0.065	0.064	0.054	0.056	0.049	0.044	0.043	0.038	0.038	0.032	0.031	0.030	0.030	0.026	0.023	0.025	0.024	0.023	0.022	0.017	0.018	0.018	0.019	0.016	0.018	0.019	0.016	0.012	0.016	0.016	0.015	0.014	0.016	0.015	0.018	0.016	0.014	0.015	0.019	0.019	0.019	0.019	0.019	0.019	0.020	0.020	0.022	0.022	0.018	0.019	0.019	0.024	0.028	0.026
282.0	10.77	11.03	10.91	10.91	10.79	10.77	10.75	10.73	11.04	23.78	81.61	107.5	49.78	9.578	1.313	0.320	0.200	0.157	0.134	0.116	0.102	0.092	0.082	0.073	0.071	0.062	0.059	0.056	0.052	0.047	0.042	0.041	0.035	0.035	0.034	0.030	0.029	0.021	0.026	0.026	0.023	0.024	0.021	0.019	0.020	0.021	0.019	0.019	0.019	0.017	0.016	0.020	0.020	0.019	0.019	0.019	0.019	0.021	0.022	0.022	0.023	0.025	0.029	0.033	0.036	0.036	0.037	0.041	0.042	0.046	0.047	0.044	0.046	0.046	0.055	0.064	0.066
285.0	19.21	19.80	19.97	19.94	19.71	19.68	19.47	19.37	19.83	37.58	110.4	203.7	176.7	59.75	9.735	0.838	0.280	0.205	0.171	0.146	0.125	0.112	0.097	0.086	0.082	0.073	0.065	0.061	0.057	0.051	0.047	0.043	0.041	0.037	0.038	0.032	0.032	0.027	0.028	0.031	0.026	0.026	0.025	0.022	0.023	0.023	0.020	0.023	0.022	0.020	0.022	0.023	0.023	0.023	0.022	0.025	0.024	0.027	0.029	0.029	0.031	0.037	0.041	0.046	0.054	0.059	0.059	0.065	0.071	0.075	0.082	0.075	0.076	0.082	0.099	0.112	0.115
288.0	23.25	24.22	24.41	24.34	24.18	24.09	23.88	23.82	24.34	44.01	97.30	167.9	269.1	208.1	67.71	7.840	0.699	0.262	0.207	0.180	0.148	0.126	0.118	0.096	0.087	0.081	0.075	0.067	0.061	0.055	0.051	0.046	0.043	0.040	0.037	0.037	0.034	0.029	0.030	0.029	0.028	0.028	0.026	0.026	0.024	0.025	0.023	0.026	0.025	0.023	0.024	0.025	0.026	0.025	0.025	0.029	0.028	0.029	0.029	0.034	0.037	0.044	0.049	0.055	0.065	0.071	0.068	0.074	0.083	0.088	0.094	0.091	0.092	0.097	0.115	0.137	0.143
291.0	23.37	24.16	24.41	24.47	24.22	24.12	23.96	23.90	24.57	44.00	89.06	97.43	163.8	284.8	230.0	65.27	8.881	0.713	0.253	0.205	0.173	0.147	0.127	0.107	0.097	0.085	0.074	0.071	0.066	0.057	0.055	0.047	0.048	0.042	0.040	0.038	0.035	0.031	0.031	0.029	0.029	0.028	0.026	0.027	0.024	0.022	0.026	0.025	0.024	0.024	0.024	0.026	0.027	0.027	0.026	0.029	0.027	0.030	0.033	0.034	0.037	0.043	0.047	0.056	0.066	0.071	0.071	0.077	0.086	0.091	0.093	0.094	0.092	0.099	0.116	0.136	0.147
294.0	21.59	22.20	22.39	22.66	22.45	22.33	22.24	22.15	22.76	40.57	81.38	75.99	56.98	158.4	299.3	226.5	68.38	8.171	0.586	0.252	0.200	0.168	0.135	0.119	0.103	0.091	0.081	0.075	0.067	0.059	0.054	0.051	0.047	0.042	0.041	0.037	0.036	0.033	0.032	0.031	0.029	0.027	0.027	0.025	0.024	0.023	0.024	0.024	0.024	0.022	0.024	0.026	0.027	0.026	0.025	0.030	0.027	0.028	0.030	0.035	0.034	0.041	0.045	0.053	0.059	0.066	0.065	0.071	0.078	0.085	0.085	0.089	0.086	0.090	0.108	0.123	0.133
297.0	19.30	19.65	19.92	20.12	19.88	19.94	19.89	19.86	20.32	36.29	72.05	66.22	31.53	37.35	149.5	311.5	242.6	72.97	8.038	0.648	0.239	0.194	0.158	0.129	0.111	0.098	0.088	0.079	0.069	0.061	0.057	0.050	0.049	0.044	0.042	0.038	0.037	0.033	0.030	0.031	0.030	0.030	0.025	0.024	0.025	0.023	0.024	0.023	0.021	0.023	0.023	0.027	0.025	0.025	0.026	0.027	0.026	0.027	0.028	0.032	0.037	0.039	0.041	0.049	0.054	0.059	0.057	0.062	0.069	0.075	0.077	0.076	0.077	0.080	0.094	0.111	0.121
300.0	17.16	17.43	17.69	17.83	17.81	17.83	17.85	17.63	18.13	32.48	64.19	58.41	26.01	12.33	32.45	168.6	316.4	242.8	69.56	8.882	0.550	0.230	0.186	0.145	0.124	0.100	0.092	0.083	0.071	0.065	0.057	0.053	0.048	0.045	0.043	0.039	0.036	0.033	0.031	0.031	0.028	0.029	0.025	0.026	0.026	0.024	0.022	0.023	0.023	0.022	0.023	0.026	0.025	0.025	0.025	0.029	0.026	0.025	0.028	0.030	0.032	0.036	0.039	0.045	0.052	0.053	0.050	0.057	0.063	0.064	0.068	0.067	0.069	0.070	0.084	0.096	0.107
303.0	15.17	15.45	15.55	15.80	15.78	15.82	15.81	15.63	16.00	28.71	56.65	51.34	22.37	8.616	8.014	35.99	165.2	319.0	238.0	74.28	7.236	0.518	0.223	0.174	0.144	0.118	0.102	0.089	0.077	0.069	0.060	0.056	0.053	0.045	0.043	0.041	0.036	0.033	0.032	0.030	0.027	0.030	0.025	0.025	0.026	0.023	0.022	0.023	0.022	0.021	0.022	0.025	0.024	0.024	0.025	0.026	0.024	0.026	0.026	0.029	0.030	0.033	0.035	0.038	0.045	0.047	0.047	0.050	0.055	0.061	0.062	0.062	0.060	0.066	0.076	0.085	0.094
306.0	13.29	13.42	13.56	13.81	13.79	13.91	13.84	13.68	13.95	25.23	49.79	45.35	19.54	6.928	4.847	7.820	35.50	163.9	313.3	243.9	70.24	8.212	0.499	0.211	0.170	0.130	0.111	0.097	0.083	0.075	0.065	0.062	0.054	0.048	0.042	0.040	0.035	0.035	0.032	0.033	0.029	0.027	0.027	0.026	0.025	0.024	0.023	0.023	0.023	0.021	0.022	0.024	0.024	0.023	0.023	0.025	0.024	0.026	0.025	0.027	0.029	0.030	0.032	0.034	0.039	0.041	0.043	0.045	0.050	0.054	0.055	0.057	0.056	0.058	0.066	0.078	0.082
309.0	11.68	11.73	11.88	12.02	12.04	12.14	12.10	11.97	12.23	22.08	44.10	40.88	17.81	6.028	3.721	4.479	7.682	35.38	168.3	306.1	228.6	70.49	7.151	0.435	0.202	0.153	0.126	0.108	0.091	0.077	0.070	0.062	0.053	0.050	0.046	0.041	0.039	0.035	0.033	0.033	0.030	0.028	0.024	0.025	0.023	0.023	0.023	0.023	0.022	0.021	0.022	0.023	0.023	0.023	0.023	0.023	0.023	0.024	0.024	0.025	0.026	0.028	0.031	0.032	0.037	0.039	0.040	0.043	0.046	0.048	0.049	0.049	0.048	0.052	0.056	0.069	0.071
312.0	10.05	10.14	10.30	10.39	10.42	10.59	10.53	10.42	10.58	19.13	38.27	36.76	17.38	6.115	3.320	3.523	4.614	7.682	35.46	150.9	297.7	231.7	69.26	7.022	0.466	0.193	0.151	0.124	0.102	0.086	0.078	0.065	0.054	0.051	0.047	0.042	0.041	0.036	0.035	0.033	0.029	0.029	0.026	0.025	0.023	0.022	0.022	0.025	0.023	0.022	0.021	0.022	0.022	0.021	0.022	0.024	0.022	0.024	0.023	0.023	0.024	0.027	0.031	0.028	0.034	0.036	0.036	0.036	0.040	0.042	0.043	0.043	0.043	0.046	0.051	0.061	0.064
315.0	8.837	8.826	9.009	9.055	9.146	9.180	9.179	9.034	9.214	16.69	33.02	31.96	16.94	7.408	3.900	3.278	3.874	4.767	7.759	32.78	155.7	284.6	219.7	66.24	8.416	0.416	0.187	0.149	0.114	0.094	0.082	0.069	0.065	0.054	0.050	0.045	0.041	0.039	0.035	0.032	0.031	0.028	0.027	0.027	0.026	0.024	0.022	0.023	0.023	0.021	0.020	0.020	0.022	0.021	0.020	0.022	0.023	0.021	0.021	0.021	0.023	0.026	0.028	0.028	0.031	0.032	0.032	0.031	0.036	0.037	0.038	0.040	0.040	0.041	0.047	0.051	0.057
318.0	7.713	7.636	7.768	7.880	7.934	7.986	7.965	7.804	8.005	14.49	28.58	27.25	15.01	8.630	5.493	3.749	3.652	4.088	4.858	7.330	33.63	144.0	277.7	211.8	70.21	6.846	0.376	0.178	0.139	0.110	0.089	0.078	0.068	0.058	0.052	0.049	0.043	0.038	0.038	0.035	0.033	0.031	0.028	0.029	0.026	0.024	0.024	0.023	0.024	0.021	0.020	0.021	0.021	0.020	0.021	0.021	0.021	0.021	0.020	0.021	0.026	0.025	0.026	0.029	0.030	0.030	0.029	0.029	0.034	0.034	0.034	0.035	0.035	0.037	0.041	0.047	0.051
321.0	6.624	6.660	6.719	6.823	6.843	6.882	6.928	6.745	6.915	12.51	24.70	23.39	12.40	8.060	7.202	5.276	4.067	3.857	4.182	4.690	7.099	29.94	138.6	264.4	216.4	67.02	7.705	0.413	0.168	0.127	0.102	0.085	0.072	0.063	0.057	0.048	0.044	0.038	0.039	0.036	0.032	0.031	0.029	0.028	0.027	0.026	0.023	0.024	0.023	0.021	0.020	0.019	0.021	0.021	0.021	0.020	0.021	0.021	0.021	0.019	0.023	0.024	0.024	0.027	0.027	0.027	0.028	0.027	0.031	0.031	0.031	0.033	0.031	0.032	0.038	0.041	0.046
324.0	5.775	5.714	5.782	5.900	5.899	5.929	5.935	5.807	5.945	10.74	21.36	20.46	10.78	6.511	7.116	7.094	5.328	4.110	3.873	4.016	4.274	6.229	30.17	136.5	250.7	198.7	64.19	7.798	0.344	0.160	0.121	0.098	0.082	0.068	0.060	0.054	0.047	0.042	0.037	0.038	0.033	0.031	0.029	0.028	0.026	0.025	0.023	0.024	0.023	0.021	0.020	0.020	0.020	0.019	0.021	0.020	0.021	0.020	0.022	0.020	0.021	0.023	0.022	0.024	0.026	0.025	0.025	0.025	0.029	0.029	0.030	0.030	0.028	0.028	0.035	0.037	0.041
327.0	4.906	4.880	4.906	4.990	5.026	5.010	5.035	4.911	5.047	9.126	18.13	17.69	9.696	5.654	5.794	7.544	7.118	5.161	4.016	3.686	3.532	3.615	5.749	28.40	118.5	239.5	193.3	65.05	6.792	0.350	0.152	0.116	0.094	0.076	0.066	0.059	0.051	0.043	0.039	0.039	0.034	0.031	0.030	0.027	0.027	0.025	0.023	0.022	0.023	0.021	0.020	0.021	0.019	0.018	0.020	0.021	0.021	0.019	0.020	0.020	0.020	0.020	0.020	0.023	0.023	0.024	0.024	0.025	0.025	0.027	0.027	0.027	0.025	0.027	0.030	0.033	0.035
330.0	4.177	4.140	4.136	4.228	4.243	4.278	4.254	4.158	4.249	7.761	15.38	15.23	8.774	5.454	5.063	6.400	7.824	6.866	4.803	3.713	3.134	2.917	3.106	5.268	24.40	118.3	224.4	186.7	60.51	8.004	0.336	0.143	0.110	0.087	0.076	0.059	0.054	0.047	0.039	0.041	0.035	0.034	0.029	0.029	0.027	0.026	0.023	0.022	0.023	0.020	0.021	0.020	0.020	0.019	0.019	0.020	0.021	0.020	0.019	0.020	0.019	0.020	0.018	0.022	0.022	0.023	0.021	0.022	0.023	0.024	0.025	0.023	0.022	0.024	0.028	0.029	0.032
333.0	3.534	3.476	3.529	3.590	3.590	3.604	3.599	3.526	3.569	6.470	12.99	13.13	7.978	5.362	4.993	5.482	6.819	7.785	6.308	4.320	3.044	2.507	2.412	2.790	4.629	24.96	111.2	212.4	172.2	60.75	6.541	0.312	0.130	0.101	0.083	0.066	0.055	0.050	0.042	0.041	0.037	0.035	0.031	0.028	0.028	0.026	0.022	0.023	0.023	0.021	0.022	0.021	0.020	0.018	0.019	0.019	0.019	0.018	0.018	0.020	0.019	0.021	0.020	0.022	0.020	0.020	0.019	0.021	0.023	0.022	0.022	0.021	0.019	0.022	0.023	0.026	0.027
336.0	2.923	2.931	2.953	3.007	3.011	3.019	2.996	2.951	2.992	5.401	10.87	11.25	7.308	5.313	5.124	5.359	5.811	6.993	7.458	5.713	3.473	2.391	2.007	2.169	2.576	4.589	22.84	99.24	200.4	169.9	56.68	7.291	0.317	0.125	0.096	0.076	0.065	0.053	0.046	0.044	0.038	0.035	0.032	0.029	0.026	0.026	0.023	0.023	0.021	0.020	0.021	0.020	0.021	0.017	0.019	0.019	0.018	0.017	0.018	0.018	0.018	0.020	0.018	0.020	0.019	0.020	0.018	0.018	0.020	0.021	0.021	0.020	0.019	0.019	0.023	0.023	0.027
339.0	2.480	2.436	2.486	2.512	2.516	2.540	2.521	2.440	2.531	4.515	9.188	9.795	6.778	5.243	5.209	5.448	5.526	5.880	7.067	6.909	4.560	2.716	1.897	1.808	2.057	2.493	4.263	21.04	100.5	188.0	156.0	55.09	7.183	0.287	0.115	0.086	0.071	0.057	0.051	0.045	0.040	0.037	0.031	0.028	0.028	0.026	0.025	0.024	0.021	0.020	0.021	0.019	0.020	0.018	0.017	0.018	0.018	0.018	0.018	0.017	0.018	0.019	0.017	0.019	0.018	0.019	0.018	0.016	0.018	0.019	0.019	0.019	0.017	0.018	0.021	0.022	0.025
342.0	2.056	2.052	2.066	2.095	2.093	2.119	2.116	2.040	2.088	3.751	7.707	8.485	6.304	5.226	5.264	5.532	5.593	5.498	5.870	6.701	5.877	3.664	2.115	1.664	1.721	1.997	2.359	3.889	21.00	89.24	179.8	150.8	53.95	6.153	0.264	0.107	0.082	0.067	0.056	0.050	0.042	0.038	0.034	0.028	0.027	0.027	0.025	0.025	0.022	0.020	0.021	0.020	0.019	0.018	0.017	0.020	0.019	0.017	0.017	0.016	0.017	0.017	0.016	0.018	0.017	0.019	0.017	0.017	0.017	0.018	0.018	0.017	0.015	0.017	0.020	0.021	0.022
345.0	1.740	1.684	1.707	1.742	1.738	1.756	1.730	1.700	1.730	3.109	6.483	7.391	5.921	5.149	5.326	5.581	5.640	5.469	5.260	5.569	6.053	4.920	2.862	1.784	1.565	1.671	1.892	2.175	3.780	18.64	87.90	167.6	143.7	49.94	6.822	0.250	0.100	0.079	0.065	0.055	0.046	0.042	0.037	0.032	0.030	0.026	0.025	0.025	0.022	0.021	0.023	0.021	0.020	0.019	0.018	0.018	0.019	0.017	0.018	0.016	0.018	0.017	0.017	0.018	0.017	0.017	0.016	0.016	0.017	0.017	0.018	0.016	0.014	0.015	0.018	0.020	0.021
348.0	1.440	1.430	1.413	1.459	1.434	1.454	1.449	1.412	1.438	2.582	5.445	6.454	5.512	5.060	5.271	5.551	5.593	5.465	5.167	4.820	5.051	5.295	3.994	2.316	1.636	1.480	1.573	1.738	2.000	3.334	18.87	81.60	158.8	133.5	48.47	5.664	0.217	0.094	0.072	0.060	0.051	0.045	0.036	0.033	0.031	0.029	0.026	0.025	0.024	0.022	0.021	0.021	0.019	0.019	0.018	0.019	0.019	0.019	0.017	0.016	0.017	0.016	0.017	0.017	0.016	0.016	0.016	0.015	0.016	0.016	0.017	0.015	0.013	0.013	0.015	0.018	0.020
351.0	1.186	1.161	1.165	1.209	1.185	1.181	1.178	1.168	1.180	2.116	4.564	5.620	5.142	4.947	5.201	5.484	5.531	5.411	5.068	4.619	4.142	4.416	4.667	3.396	2.065	1.471	1.356	1.428	1.567	1.782	3.186	16.53	73.73	149.3	130.0	45.63	5.518	0.233	0.089	0.071	0.057	0.050	0.040	0.037	0.032	0.030	0.026	0.025	0.023	0.023	0.021	0.022	0.020	0.019	0.018	0.020	0.018	0.019	0.017	0.017	0.018	0.016	0.016	0.017	0.015	0.017	0.016	0.015	0.016	0.016	0.014	0.014	0.012	0.013	0.015	0.017	0.019
354.0	0.992	0.966	0.975	0.997	0.995	0.988	0.984	0.967	0.971	1.747	3.865	4.990	4.811	4.793	5.087	5.370	5.388	5.245	4.959	4.536	3.849	3.533	4.068	4.152	2.947	1.726	1.292	1.204	1.255	1.387	1.595	2.820	15.62	73.26	139.8	119.4	41.89	5.866	0.198	0.086	0.066	0.055	0.045	0.040	0.034	0.033	0.028	0.027	0.021	0.022	0.022	0.022	0.020	0.019	0.018	0.019	0.018	0.016	0.017	0.018	0.018	0.015	0.015	0.017	0.015	0.017	0.015	0.014	0.013	0.016	0.015	0.014	0.012	0.012	0.014	0.015	0.017
357.0	0.818	0.795	0.822	0.819	0.823	0.813	0.808	0.780	0.790	1.430	3.241	4.423	4.523	4.627	4.926	5.218	5.245	5.107	4.801	4.409	3.766	3.153	3.068	3.822	3.780	2.424	1.447	1.087	1.006	1.078	1.232	1.417	2.571	14.87	64.76	132.7	112.9	42.59	4.670	0.185	0.079	0.063	0.052	0.043	0.039	0.034	0.029	0.030	0.026	0.023	0.022	0.021	0.020	0.020	0.019	0.018	0.018	0.017	0.016	0.017	0.017	0.015	0.015	0.016	0.015	0.015	0.013	0.013	0.014	0.015	0.014	0.014	0.011	0.013	0.014	0.014	0.015
360.0	0.669	0.671	0.668	0.667	0.654	0.664	0.664	0.646	0.658	1.175	2.768	3.937	4.226	4.441	4.765	5.026	5.023	4.902	4.637	4.264	3.693	3.063	2.602	2.845	3.541	3.274	2.001	1.176	0.866	0.833	0.925	1.063	1.263	2.406	12.94	61.80	123.8	109.7	38.47	5.226	0.195	0.079	0.059	0.051	0.041	0.036	0.032	0.028	0.026	0.025	0.023	0.022	0.021	0.019	0.019	0.019	0.019	0.018	0.016	0.016	0.016	0.016	0.014	0.015	0.014	0.015	0.013	0.014	0.014	0.015	0.014	0.013	0.011	0.012	0.013	0.013	0.014
363.0	0.547	0.553	0.548	0.546	0.538	0.550	0.545	0.541	0.539	0.969	2.366	3.494	3.949	4.200	4.561	4.768	4.814	4.668	4.397	4.083	3.556	3.013	2.501	2.278	2.661	3.351	2.760	1.581	0.887	0.693	0.693	0.798	0.950	1.150	2.098	12.82	59.77	115.8	99.38	36.80	4.676	0.170	0.074	0.060	0.049	0.041	0.035	0.030	0.026	0.024	0.024	0.023	0.020	0.020	0.021	0.017	0.019	0.016	0.017	0.017	0.017	0.017	0.015	0.014	0.013	0.015	0.013	0.013	0.014	0.015	0.012	0.013	0.011	0.012	0.012	0.013	0.013
366.0	0.464	0.454	0.442	0.444	0.442	0.450	0.443	0.438	0.442	0.799	2.007	3.120	3.657	3.999	4.317	4.537	4.574	4.425	4.183	3.866	3.365	2.891	2.433	2.116	2.006	2.554	3.032	2.308	1.171	0.687	0.539	0.580	0.698	0.851	1.031	1.986	12.01	52.28	109.9	96.09	35.15	4.335	0.172	0.068	0.056	0.044	0.039	0.033	0.027	0.024	0.025	0.023	0.021	0.019	0.019	0.018	0.019	0.016	0.018	0.017	0.017	0.016	0.017	0.014	0.011	0.015	0.014	0.013	0.014	0.013	0.012	0.012	0.011	0.011	0.012	0.013	0.014
369.0	0.391	0.378	0.377	0.375	0.369	0.377	0.375	0.367	0.370	0.669	1.753	2.805	3.428	3.751	4.062	4.256	4.307	4.189	3.949	3.666	3.191	2.758	2.346	2.050	1.813	1.828	2.415	2.689	1.780	0.891	0.513	0.431	0.496	0.630	0.781	0.937	1.869	10.63	52.95	102.8	89.15	32.18	4.614	0.161	0.064	0.052	0.042	0.037	0.032	0.026	0.026	0.022	0.020	0.019	0.019	0.017	0.019	0.017	0.018	0.016	0.015	0.017	0.016	0.013	0.012	0.015	0.014	0.013	0.013	0.013	0.012	0.011	0.010	0.011	0.012	0.013	0.013
372.0	0.335	0.321	0.317	0.320	0.313	0.315	0.307	0.300	0.315	0.566	1.528	2.516	3.159	3.526	3.787	3.996	3.997	3.911	3.705	3.446	3.013	2.618	2.243	1.959	1.744	1.543	1.629	2.238	2.294	1.417	0.630	0.382	0.354	0.443	0.571	0.724	0.867	1.646	10.99	48.76	96.75	83.43	31.12	3.746	0.144	0.063	0.051	0.041	0.034	0.028	0.028	0.024	0.022	0.020	0.020	0.017	0.018	0.017	0.017	0.016	0.015	0.016	0.015	0.014	0.014	0.013	0.013	0.013	0.013	0.013	0.011	0.011	0.010	0.010	0.012	0.012	0.014
375.0	0.280	0.273	0.273	0.268	0.268	0.264	0.256	0.259	0.258	0.479	1.329	2.257	2.911	3.272	3.542	3.719	3.743	3.646	3.449	3.207	2.830	2.486	2.133	1.870	1.666	1.447	1.279	1.468	2.078	1.974	1.055	0.468	0.301	0.302	0.400	0.529	0.675	0.800	1.648	9.886	44.95	90.57	80.20	29.29	4.091	0.157	0.059	0.048	0.038	0.032	0.028	0.026	0.022	0.022	0.020	0.019	0.020	0.016	0.017	0.016	0.015	0.016	0.015	0.014	0.014	0.014	0.012	0.013	0.012	0.012	0.010	0.011	0.010	0.011	0.011	0.013	0.013
378.0	0.243	0.226	0.235	0.233	0.228	0.219	0.223	0.217	0.221	0.413	1.169	2.030	2.713	3.052	3.276	3.455	3.470	3.373	3.201	2.995	2.658	2.331	2.012	1.767	1.567	1.374	1.166	1.055	1.375	1.904	1.613	0.786	0.346	0.235	0.264	0.382	0.510	0.637	0.748	1.487	9.322	43.58	84.90	74.16	28.27	3.914	0.137	0.055	0.044	0.036	0.030	0.028	0.024	0.022	0.021	0.018	0.020	0.017	0.017	0.016	0.015	0.017	0.015	0.014	0.015	0.015	0.012	0.013	0.011	0.013	0.010	0.012	0.010	0.010	0.010	0.012	0.013
381.0	0.204	0.202	0.196	0.199	0.194	0.195	0.194	0.184	0.191	0.358	1.028	1.856	2.478	2.829	3.061	3.201	3.176	3.104	2.965	2.774	2.467	2.166	1.891	1.647	1.476	1.295	1.098	0.928	0.873	1.259	1.752	1.331	0.587	0.254	0.196	0.246	0.369	0.472	0.597	0.694	1.380	8.748	38.76	80.64	71.99	27.62	3.343	0.139	0.054	0.042	0.037	0.030	0.027	0.023	0.022	0.020	0.019	0.018	0.017	0.016	0.017	0.017	0.015	0.014	0.015	0.015	0.013	0.013	0.011	0.013	0.010	0.011	0.010	0.010	0.011	0.011	0.013
384.0	0.183	0.188	0.178	0.170	0.173	0.161	0.163	0.165	0.164	0.299	0.912	1.678	2.281	2.607	2.811	2.959	2.961	2.888	2.721	2.556	2.296	2.024	1.767	1.550	1.384	1.206	1.041	0.869	0.711	0.743	1.238	1.590	1.079	0.424	0.205	0.177	0.243	0.346	0.449	0.563	0.633	1.307	7.930	38.21	75.87	68.26	25.14	3.710	0.133	0.050	0.043	0.036	0.031	0.026	0.023	0.022	0.021	0.018	0.017	0.017	0.016	0.017	0.016	0.015	0.014	0.015	0.012	0.012	0.012	0.012	0.010	0.011	0.010	0.010	0.011	0.011	0.013
387.0	0.172	0.160	0.165	0.158	0.157	0.147	0.142	0.144	0.145	0.270	0.815	1.545	2.121	2.412	2.596	2.723	2.726	2.645	2.521	2.365	2.116	1.874	1.658	1.461	1.294	1.122	0.966	0.826	0.671	0.558	0.676	1.211	1.430	0.841	0.324	0.171	0.162	0.234	0.339	0.424	0.536	0.600	1.183	7.882	35.67	72.32	63.98	25.14	3.186	0.119	0.051	0.041	0.036	0.029	0.025	0.024	0.020	0.020	0.018	0.017	0.017	0.018	0.016	0.015	0.014	0.015	0.012	0.013	0.013	0.013	0.011	0.012	0.010	0.011	0.010	0.012	0.012
390.0	0.160	0.146	0.147	0.143	0.137	0.129	0.124	0.128	0.133	0.248	0.737	1.406	1.936	2.223	2.383	2.496	2.522	2.424	2.314	2.165	1.944	1.737	1.536	1.355	1.212	1.059	0.912	0.770	0.632	0.516	0.444	0.651	1.195	1.270	0.681	0.248	0.151	0.153	0.235	0.321	0.412	0.508	0.564	1.154	7.167	33.18	69.91	62.99	23.77	3.223	0.130	0.049	0.040	0.033	0.028	0.025	0.024	0.021	0.020	0.017	0.018	0.017	0.015	0.015	0.015	0.014	0.013	0.013	0.013	0.014	0.012	0.012	0.010	0.010	0.011	0.011	0.011
393.0	0.149	0.142	0.134	0.127	0.129	0.120	0.119	0.114	0.124	0.215	0.668	1.268	1.785	2.043	2.214	2.311	2.321	2.231	2.134	1.998	1.814	1.607	1.428	1.280	1.136	0.986	0.849	0.731	0.602	0.489	0.396	0.378	0.677	1.226	1.125	0.513	0.201	0.145	0.159	0.236	0.323	0.403	0.484	0.529	1.065	6.967	34.32	66.42	59.02	22.37	3.223	0.119	0.050	0.037	0.032	0.029	0.025	0.021	0.021	0.019	0.019	0.018	0.014	0.017	0.016	0.015	0.013	0.014	0.013	0.015	0.012	0.012	0.010	0.011	0.013	0.011	0.012
396.0	0.131	0.131	0.134	0.122	0.120	0.106	0.106	0.105	0.113	0.197	0.586	1.172	1.646	1.883	2.022	2.111	2.115	2.053	1.964	1.832	1.666	1.477	1.317	1.185	1.062	0.933	0.796	0.672	0.572	0.476	0.383	0.310	0.346	0.749	1.200	0.953	0.406	0.183	0.144	0.166	0.245	0.324	0.397	0.474	0.497	1.016	7.104	30.85	64.17	57.77	22.50	2.965	0.112	0.049	0.039	0.033	0.028	0.023	0.022	0.021	0.020	0.018	0.016	0.016	0.016	0.014	0.014	0.013	0.013	0.015	0.011	0.012	0.010	0.010	0.012	0.010	0.011
399.0	0.118	0.123	0.125	0.117	0.107	0.102	0.108	0.103	0.104	0.180	0.544	1.070	1.515	1.737	1.862	1.941	1.936	1.860	1.780	1.687	1.525	1.375	1.227	1.100	0.986	0.869	0.755	0.642	0.534	0.448	0.376	0.313	0.269	0.360	0.801	1.172	0.827	0.348	0.172	0.149	0.180	0.259	0.327	0.392	0.456	0.476	1.024	6.280	30.11	61.24	56.23	21.89	3.111	0.118	0.045	0.037	0.031	0.026	0.025	0.020	0.019	0.019	0.017	0.016	0.015	0.016	0.014	0.014	0.013	0.014	0.011	0.012	0.010	0.011	0.012	0.012	0.011
402.0	0.118	0.120	0.115	0.117	0.106	0.097	0.098	0.100	0.097	0.166	0.503	0.983	1.380	1.584	1.700	1.763	1.763	1.720	1.646	1.539	1.408	1.263	1.140	1.017	0.921	0.809	0.704	0.609	0.516	0.433	0.368	0.309	0.267	0.248	0.399	0.910	1.135	0.716	0.281	0.177	0.161	0.199	0.274	0.322	0.389	0.441	0.449	0.918	6.172	28.79	59.03	54.27	21.20	2.805	0.108	0.044	0.035	0.030	0.026	0.023	0.021	0.017	0.017	0.016	0.015	0.017	0.014	0.014	0.014	0.013	0.012	0.012	0.011	0.011	0.013	0.012	0.010
405.0	0.112	0.121	0.111	0.116	0.102	0.095	0.092	0.093	0.098	0.155	0.456	0.910	1.276	1.449	1.563	1.625	1.635	1.581	1.511	1.414	1.279	1.158	1.046	0.946	0.853	0.758	0.657	0.573	0.494	0.416	0.360	0.308	0.266	0.241	0.253	0.483	0.979	1.061	0.567	0.259	0.183	0.177	0.216	0.278	0.319	0.374	0.428	0.429	0.898	5.809	26.91	57.65	53.63	20.89	2.878	0.113	0.044	0.036	0.029	0.029	0.024	0.021	0.018	0.017	0.015	0.016	0.016	0.014	0.014	0.013	0.012	0.011	0.011	0.011	0.011	0.011	0.011
408.0	0.114	0.111	0.106	0.110	0.104	0.096	0.081	0.089	0.090	0.146	0.421	0.818	1.168	1.332	1.442	1.493	1.502	1.450	1.388	1.301	1.188	1.072	0.972	0.878	0.795	0.710	0.616	0.549	0.471	0.407	0.344	0.302	0.271	0.248	0.235	0.273	0.572	1.010	0.954	0.483	0.239	0.188	0.185	0.217	0.277	0.314	0.376	0.416	0.415	0.852	5.530	27.04	56.27	51.77	20.59	3.010	0.109	0.042	0.035	0.031	0.026	0.024	0.020	0.018	0.016	0.017	0.015	0.014	0.015	0.014	0.014	0.012	0.011	0.011	0.012	0.012	0.011
411.0	0.108	0.104	0.105	0.110	0.097	0.090	0.080	0.090	0.089	0.137	0.380	0.762	1.075	1.246	1.315	1.380	1.375	1.326	1.266	1.193	1.102	0.988	0.893	0.815	0.735	0.670	0.585	0.522	0.447	0.390	0.337	0.297	0.265	0.248	0.240	0.226	0.302	0.622	1.037	0.854	0.408	0.224	0.186	0.183	0.221	0.275	0.316	0.369	0.402	0.397	0.810	5.437	25.97	55.11	51.07	20.46	2.666	0.115	0.044	0.036	0.030	0.026	0.023	0.018	0.017	0.017	0.016	0.013	0.014	0.014	0.014	0.012	0.011	0.011	0.010	0.011	0.011
414.0	0.119	0.100	0.105	0.107	0.091	0.085	0.071	0.086	0.078	0.129	0.361	0.712	0.987	1.143	1.229	1.262	1.264	1.221	1.180	1.113	1.019	0.926	0.840	0.764	0.691	0.623	0.549	0.490	0.428	0.380	0.328	0.290	0.262	0.247	0.241	0.235	0.234	0.334	0.746	1.037	0.745	0.346	0.219	0.186	0.189	0.231	0.279	0.309	0.365	0.390	0.380	0.798	5.349	25.81	53.90	50.15	19.58	3.089	0.117	0.044	0.034	0.030	0.027	0.022	0.019	0.018	0.016	0.014	0.015	0.015	0.013	0.012	0.012	0.012	0.009	0.012	0.011
417.0	0.118	0.099	0.107	0.107	0.089	0.079	0.072	0.082	0.085	0.115	0.334	0.651	0.916	1.067	1.131	1.174	1.155	1.137	1.097	1.025	0.956	0.854	0.780	0.709	0.650	0.591	0.529	0.471	0.409	0.370	0.330	0.293	0.266	0.252	0.248	0.239	0.239	0.249	0.413	0.832	1.006	0.637	0.316	0.217	0.200	0.203	0.246	0.289	0.320	0.368	0.392	0.369	0.783	5.428	25.70	53.14	48.88	20.32	2.862	0.108	0.044	0.036	0.031	0.026	0.021	0.020	0.018	0.015	0.016	0.015	0.014	0.012	0.012	0.012	0.011	0.012	0.012
420.0	0.119	0.101	0.103	0.103	0.088	0.076	0.076	0.082	0.084	0.119	0.310	0.602	0.856	0.977	1.047	1.086	1.080	1.044	1.012	0.954	0.874	0.800	0.726	0.664	0.600	0.549	0.500	0.449	0.404	0.361	0.326	0.292	0.274	0.260	0.261	0.260	0.261	0.261	0.279	0.484	0.900	0.948	0.570	0.294	0.234	0.211	0.225	0.262	0.301	0.326	0.373	0.379	0.364	0.788	5.136	24.26	52.13	49.52	20.53	2.764	0.115	0.042	0.036	0.030	0.025	0.023	0.020	0.017	0.017	0.014	0.015	0.012	0.012	0.011	0.013	0.012	0.012
423.0	0.120	0.107	0.097	0.101	0.090	0.087	0.084	0.079	0.085	0.110	0.292	0.560	0.803	0.911	0.967	0.992	0.990	0.980	0.930	0.881	0.809	0.747	0.682	0.623	0.571	0.527	0.474	0.432	0.399	0.356	0.337	0.308	0.290	0.282	0.278	0.283	0.285	0.285	0.284	0.330	0.592	0.972	0.912	0.504	0.306	0.252	0.231	0.247	0.291	0.320	0.343	0.381	0.378	0.355	0.758	5.016	24.26	49.94	49.04	19.40	2.991	0.119	0.041	0.034	0.028	0.026	0.023	0.019	0.019	0.015	0.015	0.012	0.012	0.011	0.013	0.012	0.012
426.0	0.122	0.107	0.102	0.107	0.093	0.083	0.087	0.082	0.082	0.114	0.278	0.528	0.736	0.847	0.891	0.933	0.919	0.903	0.861	0.831	0.761	0.704	0.647	0.596	0.549	0.502	0.465	0.424	0.390	0.361	0.344	0.322	0.305	0.302	0.304	0.314	0.315	0.321	0.319	0.326	0.394	0.707	1.013	0.844	0.477	0.318	0.276	0.264	0.282	0.313	0.337	0.354	0.388	0.384	0.353	0.735	4.803	22.14	50.20	47.74	19.96	2.833	0.107	0.043	0.032	0.030	0.026	0.021	0.019	0.017	0.016	0.013	0.013	0.012	0.013	0.012	0.014
429.0	0.119	0.103	0.101	0.094	0.089	0.082	0.088	0.081	0.077	0.101	0.263	0.493	0.681	0.790	0.844	0.863	0.871	0.843	0.818	0.775	0.717	0.669	0.607	0.558	0.521	0.481	0.452	0.417	0.393	0.372	0.357	0.339	0.327	0.324	0.332	0.338	0.344	0.358	0.356	0.368	0.372	0.483	0.804	1.044	0.793	0.459	0.345	0.311	0.295	0.308	0.344	0.354	0.364	0.400	0.381	0.352	0.717	4.304	22.15	48.86	47.75	19.66	2.899	0.124	0.042	0.033	0.029	0.025	0.021	0.019	0.016	0.014	0.013	0.012	0.013	0.012	0.014
432.0	0.118	0.110	0.106	0.094	0.090	0.080	0.087	0.078	0.074	0.105	0.244	0.467	0.647	0.741	0.787	0.804	0.818	0.786	0.771	0.728	0.675	0.634	0.583	0.529	0.498	0.464	0.433	0.419	0.399	0.378	0.365	0.355	0.352	0.350	0.355	0.367	0.380	0.383	0.398	0.405	0.407	0.429	0.569	0.923	1.042	0.732	0.448	0.369	0.340	0.328	0.337	0.364	0.365	0.373	0.402	0.381	0.342	0.663	4.417	22.34	47.97	46.48	18.98	3.017	0.120	0.042	0.034	0.026	0.024	0.021	0.018	0.014	0.013	0.012	0.014	0.013	0.014
435.0	0.117	0.112	0.100	0.090	0.095	0.085	0.086	0.079	0.075	0.104	0.235	0.424	0.597	0.682	0.727	0.764	0.755	0.743	0.721	0.689	0.639	0.601	0.546	0.505	0.480	0.447	0.422	0.407	0.391	0.378	0.371	0.368	0.366	0.370	0.378	0.392	0.407	0.420	0.430	0.438	0.455	0.451	0.484	0.668	0.993	1.026	0.672	0.462	0.394	0.372	0.349	0.359	0.374	0.372	0.377	0.403	0.367	0.336	0.665	4.382	20.96	47.13	45.98	20.00	3.018	0.135	0.038	0.030	0.027	0.023	0.019	0.016	0.014	0.014	0.014	0.014	0.013
438.0	0.115	0.110	0.103	0.085	0.096	0.081	0.076	0.079	0.079	0.093	0.223	0.400	0.572	0.641	0.677	0.706	0.712	0.701	0.672	0.653	0.613	0.567	0.533	0.488	0.460	0.436	0.417	0.402	0.385	0.377	0.376	0.371	0.378	0.388	0.398	0.415	0.426	0.445	0.458	0.475	0.486	0.487	0.499	0.535	0.755	1.052	0.967	0.650	0.463	0.420	0.390	0.368	0.371	0.380	0.370	0.380	0.393	0.362	0.317	0.657	4.116	21.04	46.11	45.55	19.56	3.319	0.124	0.038	0.031	0.026	0.023	0.017	0.015	0.015	0.015	0.014	0.013
441.0	0.106	0.101	0.096	0.089	0.089	0.079	0.081	0.073	0.073	0.081	0.206	0.380	0.529	0.609	0.636	0.663	0.672	0.664	0.636	0.623	0.588	0.542	0.509	0.468	0.438	0.417	0.398	0.399	0.384	0.374	0.375	0.382	0.383	0.402	0.411	0.429	0.445	0.461	0.479	0.500	0.513	0.520	0.523	0.528	0.599	0.843	1.087	0.914	0.602	0.472	0.431	0.398	0.377	0.383	0.380	0.368	0.376	0.385	0.338	0.307	0.617	4.119	20.42	44.65	44.29	19.48	2.740	0.121	0.038	0.029	0.025	0.019	0.016	0.016	0.016	0.012	0.014
444.0	0.110	0.097	0.096	0.099	0.090	0.075	0.078	0.074	0.069	0.081	0.201	0.360	0.502	0.576	0.609	0.620	0.633	0.626	0.609	0.587	0.558	0.523	0.488	0.454	0.425	0.404	0.388	0.386	0.379	0.379	0.379	0.386	0.396	0.412	0.425	0.443	0.462	0.483	0.496	0.520	0.538	0.547	0.553	0.559	0.564	0.655	0.946	1.094	0.851	0.580	0.483	0.433	0.400	0.376	0.377	0.373	0.355	0.362	0.366	0.319	0.285	0.604	3.928	19.06	43.05	43.40	18.21	3.165	0.133	0.035	0.026	0.021	0.019	0.017	0.017	0.015	0.015
447.0	0.104	0.102	0.101	0.094	0.088	0.073	0.069	0.076	0.074	0.089	0.193	0.348	0.481	0.555	0.583	0.597	0.601	0.608	0.592	0.569	0.536	0.505	0.475	0.445	0.413	0.390	0.386	0.376	0.379	0.378	0.388	0.396	0.406	0.420	0.436	0.459	0.485	0.502	0.526	0.542	0.556	0.572	0.585	0.592	0.595	0.605	0.739	1.003	1.066	0.779	0.561	0.473	0.429	0.394	0.366	0.375	0.361	0.346	0.348	0.350	0.300	0.270	0.570	3.673	18.67	41.54	42.53	19.57	3.141	0.110	0.033	0.025	0.022	0.019	0.019	0.017	0.016
450.0	0.120	0.100	0.099	0.092	0.089	0.074	0.073	0.072	0.073	0.087	0.185	0.329	0.456	0.521	0.557	0.569	0.587	0.571	0.559	0.544	0.512	0.490	0.457	0.424	0.401	0.379	0.381	0.371	0.374	0.382	0.390	0.396	0.411	0.431	0.451	0.476	0.500	0.520	0.537	0.561	0.579	0.598	0.614	0.615	0.614	0.608	0.632	0.788	1.051	1.020	0.725	0.531	0.459	0.416	0.378	0.354	0.352	0.341	0.315	0.325	0.319	0.274	0.238	0.528	3.475	17.51	42.06	42.12	18.41	2.623	0.114	0.030	0.024	0.022	0.020	0.020	0.018
453.0	0.124	0.111	0.107	0.090	0.089	0.075	0.077	0.072	0.074	0.090	0.186	0.315	0.449	0.497	0.535	0.542	0.554	0.556	0.545	0.526	0.502	0.483	0.438	0.416	0.387	0.382	0.367	0.373	0.379	0.383	0.390	0.399	0.417	0.440	0.460	0.485	0.508	0.534	0.559	0.582	0.601	0.621	0.633	0.641	0.644	0.639	0.634	0.663	0.851	1.072	0.966	0.663	0.512	0.442	0.395	0.357	0.342	0.333	0.315	0.294	0.305	0.298	0.247	0.219	0.495	3.309	17.68	37.89	39.90	17.09	2.824	0.106	0.029	0.025	0.023	0.020	0.018
456.0	0.128	0.118	0.109	0.098	0.092	0.075	0.076	0.073	0.071	0.083	0.182	0.305	0.428	0.478	0.520	0.531	0.538	0.546	0.532	0.519	0.484	0.466	0.437	0.408	0.384	0.371	0.361	0.369	0.377	0.385	0.399	0.412	0.426	0.448	0.476	0.500	0.527	0.553	0.577	0.599	0.621	0.637	0.658	0.662	0.670	0.672	0.656	0.647	0.695	0.913	1.073	0.875	0.596	0.470	0.414	0.370	0.333	0.314	0.305	0.285	0.270	0.282	0.275	0.220	0.198	0.464	3.251	15.29	37.70	38.43	16.71	2.467	0.100	0.029	0.026	0.024	0.022
459.0	0.130	0.124	0.112	0.107	0.094	0.073	0.077	0.073	0.069	0.087	0.179	0.305	0.417	0.470	0.491	0.508	0.514	0.527	0.517	0.502	0.478	0.466	0.436	0.397	0.383	0.367	0.363	0.366	0.379	0.384	0.397	0.416	0.433	0.455	0.483	0.511	0.532	0.553	0.590	0.612	0.633	0.655	0.669	0.683	0.689	0.689	0.677	0.660	0.652	0.727	0.939	1.035	0.791	0.542	0.446	0.388	0.339	0.300	0.280	0.279	0.255	0.245	0.262	0.249	0.203	0.186	0.447	2.689	15.29	36.66	37.55	16.40	2.527	0.119	0.029	0.026	0.025
462.0	0.125	0.118	0.114	0.103	0.096	0.079	0.081	0.080	0.070	0.090	0.168	0.294	0.408	0.454	0.481	0.496	0.500	0.512	0.502	0.493	0.469	0.446	0.423	0.391	0.371	0.360	0.359	0.365	0.375	0.392	0.401	0.415	0.438	0.456	0.489	0.516	0.549	0.568	0.598	0.623	0.639	0.665	0.680	0.689	0.697	0.690	0.685	0.671	0.650	0.653	0.748	0.974	0.980	0.691	0.486	0.405	0.354	0.307	0.268	0.253	0.251	0.226	0.222	0.237	0.230	0.185	0.170	0.380	2.757	15.24	35.04	35.76	15.49	3.090	0.140	0.033	0.027
465.0	0.132	0.119	0.115	0.104	0.092	0.085	0.078	0.079	0.078	0.096	0.171	0.291	0.395	0.453	0.467	0.479	0.488	0.502	0.492	0.486	0.460	0.439	0.410	0.385	0.368	0.362	0.358	0.366	0.376	0.392	0.399	0.417	0.443	0.464	0.483	0.517	0.549	0.566	0.601	0.626	0.651	0.664	0.678	0.695	0.699	0.698	0.696	0.682	0.662	0.637	0.646	0.780	0.969	0.891	0.607	0.433	0.364	0.310	0.260	0.233	0.226	0.222	0.203	0.200	0.219	0.213	0.175	0.157	0.387	2.704	13.98	33.41	35.16	17.91	3.012	0.150	0.035
468.0	0.128	0.114	0.114	0.104	0.101	0.087	0.078	0.082	0.086	0.093	0.168	0.279	0.375	0.435	0.443	0.460	0.478	0.481	0.480	0.475	0.446	0.425	0.397	0.379	0.352	0.341	0.349	0.356	0.364	0.381	0.401	0.411	0.424	0.454	0.486	0.510	0.541	0.565	0.597	0.620	0.639	0.659	0.676	0.692	0.696	0.697	0.692	0.681	0.665	0.646	0.610	0.628	0.787	0.937	0.785	0.522	0.382	0.318	0.267	0.224	0.201	0.197	0.190	0.176	0.177	0.203	0.195	0.155	0.149	0.373	2.413	13.52	32.24	35.22	17.14	3.536	0.146
471.0	0.134	0.122	0.107	0.106	0.102	0.088	0.082	0.088	0.085	0.084	0.166	0.269	0.372	0.407	0.435	0.447	0.459	0.463	0.459	0.456	0.435	0.420	0.389	0.366	0.342	0.336	0.343	0.347	0.363	0.370	0.388	0.405	0.423	0.454	0.473	0.501	0.538	0.559	0.590	0.617	0.637	0.655	0.672	0.684	0.692	0.693	0.689	0.678	0.662	0.634	0.606	0.584	0.609	0.796	0.888	0.677	0.433	0.326	0.273	0.225	0.191	0.170	0.169	0.167	0.157	0.163	0.191	0.179	0.143	0.135	0.337	2.484	12.78	29.75	34.24	17.53	2.747
474.0	0.142	0.131	0.107	0.108	0.103	0.090	0.080	0.088	0.082	0.094	0.165	0.263	0.360	0.395	0.424	0.431	0.449	0.447	0.441	0.435	0.416	0.403	0.375	0.353	0.330	0.324	0.333	0.333	0.348	0.356	0.386	0.398	0.413	0.439	0.468	0.496	0.521	0.548	0.577	0.600	0.622	0.647	0.657	0.667	0.678	0.671	0.676	0.668	0.657	0.622	0.603	0.565	0.544	0.594	0.777	0.809	0.559	0.370	0.277	0.225	0.190	0.160	0.141	0.146	0.149	0.137	0.154	0.176	0.165	0.131	0.124	0.338	2.117	10.89	28.95	33.18	15.51
477.0	0.140	0.127	0.108	0.118	0.102	0.090	0.079	0.095	0.086	0.093	0.165	0.257	0.347	0.387	0.414	0.419	0.436	0.432	0.434	0.424	0.411	0.386	0.365	0.338	0.324	0.319	0.328	0.330	0.335	0.349	0.378	0.384	0.408	0.433	0.459	0.484	0.517	0.537	0.571	0.596	0.610	0.636	0.653	0.656	0.674	0.666	0.665	0.654	0.643	0.617	0.600	0.571	0.528	0.503	0.592	0.766	0.725	0.478	0.307	0.234	0.188	0.156	0.126	0.120	0.129	0.126	0.127	0.146	0.172	0.152	0.122	0.120	0.293	1.856	10.57	27.11	31.72
480.0	0.143	0.120	0.115	0.113	0.108	0.092	0.087	0.087	0.086	0.093	0.167	0.249	0.336	0.376	0.397	0.398	0.416	0.417	0.412	0.402	0.391	0.368	0.354	0.330	0.309	0.305	0.312	0.316	0.326	0.343	0.363	0.374	0.398	0.411	0.443	0.466	0.503	0.517	0.550	0.571	0.596	0.613	0.637	0.639	0.651	0.649	0.648	0.633	0.623	0.603	0.580	0.551	0.514	0.476	0.466	0.585	0.734	0.630	0.386	0.245	0.191	0.152	0.122	0.104	0.102	0.116	0.117	0.114	0.139	0.161	0.144	0.109	0.108	0.262	1.698	9.667	27.70
483.0	0.136	0.123	0.115	0.114	0.104	0.092	0.083	0.090	0.083	0.096	0.158	0.234	0.318	0.354	0.375	0.382	0.395	0.391	0.387	0.381	0.369	0.350	0.340	0.321	0.296	0.294	0.297	0.300	0.319	0.327	0.348	0.358	0.378	0.403	0.421	0.442	0.478	0.505	0.529	0.548	0.573	0.591	0.614	0.615	0.619	0.622	0.623	0.613	0.601	0.585	0.559	0.536	0.497	0.458	0.416	0.431	0.565	0.685	0.530	0.301	0.199	0.153	0.119	0.100	0.082	0.093	0.105	0.106	0.108	0.133	0.149	0.129	0.101	0.102	0.246	1.589	10.24
486.0	0.137	0.134	0.103	0.110	0.104	0.089	0.085	0.086	0.089	0.095	0.156	0.229	0.311	0.335	0.351	0.368	0.375	0.375	0.372	0.365	0.359	0.337	0.327	0.307	0.294	0.281	0.280	0.289	0.306	0.314	0.334	0.346	0.360	0.388	0.411	0.437	0.456	0.486	0.513	0.534	0.559	0.573	0.585	0.598	0.610	0.607	0.603	0.596	0.578	0.559	0.537	0.516	0.481	0.443	0.399	0.370	0.409	0.552	0.628	0.426	0.240	0.155	0.121	0.097	0.078	0.070	0.082	0.096	0.100	0.102	0.126	0.140	0.118	0.097	0.095	0.230	1.704
489.0	0.140	0.126	0.103	0.104	0.105	0.096	0.088	0.093	0.084	0.095	0.148	0.221	0.296	0.326	0.341	0.356	0.350	0.359	0.358	0.346	0.344	0.330	0.312	0.294	0.281	0.262	0.272	0.275	0.291	0.300	0.316	0.331	0.347	0.367	0.392	0.414	0.439	0.460	0.483	0.508	0.531	0.550	0.563	0.582	0.586	0.578	0.569	0.574	0.548	0.536	0.522	0.491	0.458	0.430	0.388	0.353	0.328	0.384	0.551	0.548	0.345	0.181	0.122	0.098	0.076	0.066	0.060	0.075	0.090	0.089	0.095	0.116	0.133	0.118	0.092	0.095	0.239
492.0	0.141	0.120	0.120	0.113	0.104	0.094	0.084	0.088	0.083	0.093	0.141	0.207	0.282	0.307	0.327	0.333	0.337	0.337	0.337	0.331	0.322	0.312	0.290	0.271	0.258	0.255	0.253	0.267	0.276	0.286	0.299	0.318	0.337	0.356	0.380	0.394	0.422	0.437	0.465	0.481	0.497	0.525	0.532	0.547	0.550	0.550	0.543	0.544	0.524	0.512	0.492	0.468	0.438	0.405	0.371	0.333	0.296	0.286	0.381	0.530	0.478	0.258	0.139	0.101	0.074	0.064	0.051	0.056	0.070	0.082	0.082	0.086	0.114	0.124	0.110	0.090	0.093
495.0	0.148	0.117	0.129	0.110	0.105	0.090	0.086	0.090	0.086	0.090	0.153	0.204	0.270	0.297	0.318	0.318	0.327	0.323	0.322	0.320	0.303	0.292	0.277	0.261	0.248	0.243	0.248	0.252	0.266	0.275	0.288	0.305	0.318	0.334	0.360	0.380	0.403	0.422	0.441	0.459	0.479	0.501	0.507	0.520	0.527	0.520	0.522	0.518	0.508	0.479	0.472	0.447	0.420	0.394	0.361	0.321	0.287	0.254	0.260	0.382	0.507	0.399	0.198	0.107	0.079	0.062	0.051	0.046	0.051	0.070	0.077	0.077	0.086	0.107	0.124	0.107	0.087
498.0	0.176	0.129	0.118	0.116	0.109	0.088	0.087	0.094	0.086	0.094	0.139	0.205	0.249	0.274	0.302	0.296	0.317	0.304	0.313	0.303	0.296	0.277	0.259	0.250	0.235	0.232	0.237	0.241	0.252	0.262	0.275	0.291	0.310	0.317	0.338	0.366	0.387	0.406	0.417	0.445	0.464	0.478	0.483	0.489	0.508	0.499	0.495	0.490	0.481	0.467	0.447	0.422	0.396	0.371	0.340	0.312	0.275	0.244	0.216	0.246	0.387	0.471	0.322	0.154	0.083	0.064	0.051	0.044	0.039	0.052	0.066	0.074	0.071	0.082	0.107	0.119	0.099
501.0	0.206	0.140	0.124	0.118	0.108	0.096	0.086	0.095	0.090	0.097	0.133	0.197	0.241	0.270	0.287	0.290	0.290	0.294	0.297	0.283	0.275	0.269	0.251	0.239	0.227	0.220	0.224	0.232	0.245	0.247	0.267	0.277	0.292	0.309	0.325	0.343	0.368	0.384	0.402	0.421	0.436	0.456	0.455	0.473	0.476	0.480	0.473	0.469	0.451	0.439	0.427	0.400	0.383	0.356	0.327	0.292	0.265	0.232	0.205	0.187	0.240	0.394	0.421	0.264	0.115	0.066	0.053	0.045	0.037	0.040	0.047	0.065	0.068	0.069	0.081	0.106	0.114
504.0	0.212	0.171	0.137	0.127	0.117	0.104	0.080	0.090	0.097	0.098	0.132	0.196	0.233	0.259	0.272	0.277	0.281	0.286	0.280	0.279	0.263	0.254	0.246	0.232	0.220	0.217	0.215	0.221	0.231	0.240	0.254	0.262	0.269	0.292	0.312	0.325	0.350	0.368	0.382	0.400	0.413	0.431	0.433	0.446	0.447	0.453	0.457	0.444	0.437	0.419	0.407	0.390	0.362	0.344	0.308	0.279	0.251	0.227	0.199	0.170	0.163	0.242	0.393	0.380	0.201	0.086	0.056	0.046	0.040	0.036	0.036	0.046	0.061	0.067	0.066	0.084	0.111
507.0	0.218	0.187	0.144	0.125	0.120	0.101	0.092	0.095	0.099	0.098	0.134	0.189	0.229	0.258	0.263	0.257	0.272	0.264	0.268	0.257	0.253	0.237	0.236	0.221	0.207	0.206	0.200	0.214	0.217	0.228	0.245	0.252	0.254	0.279	0.298	0.313	0.330	0.345	0.362	0.380	0.395	0.408	0.417	0.416	0.423	0.426	0.430	0.427	0.413	0.398	0.390	0.368	0.341	0.322	0.295	0.264	0.244	0.213	0.190	0.157	0.139	0.146	0.260	0.387	0.323	0.156	0.068	0.047	0.039	0.036	0.032	0.034	0.043	0.062	0.067	0.068	0.086
510.0	0.194	0.203	0.161	0.138	0.118	0.106	0.090	0.100	0.096	0.096	0.134	0.181	0.219	0.248	0.254	0.261	0.263	0.261	0.252	0.251	0.243	0.228	0.223	0.204	0.196	0.198	0.197	0.203	0.207	0.217	0.231	0.240	0.248	0.267	0.282	0.295	0.309	0.323	0.343	0.361	0.373	0.384	0.392	0.394	0.407	0.411	0.408	0.402	0.389	0.379	0.368	0.348	0.324	0.304	0.283	0.253	0.232	0.206	0.184	0.150	0.132	0.117	0.144	0.265	0.382	0.274	0.116	0.059	0.044	0.039	0.033	0.030	0.032	0.045	0.063	0.066	0.069
513.0	0.186	0.197	0.190	0.145	0.122	0.103	0.092	0.099	0.103	0.101	0.138	0.186	0.216	0.240	0.242	0.247	0.247	0.252	0.241	0.235	0.236	0.219	0.217	0.196	0.187	0.182	0.192	0.193	0.203	0.209	0.220	0.227	0.240	0.250	0.268	0.277	0.302	0.311	0.327	0.339	0.356	0.365	0.376	0.379	0.383	0.388	0.385	0.380	0.367	0.359	0.347	0.337	0.305	0.289	0.264	0.238	0.218	0.191	0.171	0.149	0.129	0.110	0.100	0.144	0.295	0.355	0.220	0.093	0.051	0.041	0.033	0.031	0.029	0.033	0.048	0.062	0.066
516.0	0.202	0.177	0.197	0.175	0.133	0.108	0.096	0.095	0.104	0.104	0.142	0.176	0.212	0.230	0.240	0.238	0.242	0.233	0.241	0.231	0.226	0.215	0.206	0.194	0.180	0.176	0.181	0.187	0.189	0.201	0.209	0.222	0.227	0.235	0.253	0.264	0.281	0.296	0.306	0.324	0.339	0.346	0.355	0.358	0.367	0.360	0.367	0.358	0.352	0.342	0.322	0.316	0.295	0.271	0.248	0.230	0.205	0.178	0.165	0.143	0.126	0.105	0.087	0.088	0.164	0.310	0.321	0.183	0.072	0.043	0.035	0.030	0.031	0.029	0.034	0.050	0.063
519.0	0.215	0.164	0.194	0.204	0.155	0.114	0.113	0.097	0.104	0.109	0.140	0.177	0.201	0.225	0.234	0.238	0.233	0.223	0.231	0.224	0.214	0.206	0.192	0.188	0.172	0.173	0.171	0.176	0.179	0.185	0.201	0.206	0.215	0.225	0.243	0.255	0.263	0.278	0.289	0.301	0.323	0.326	0.331	0.338	0.348	0.336	0.344	0.339	0.328	0.320	0.302	0.290	0.275	0.260	0.241	0.217	0.196	0.175	0.154	0.133	0.117	0.102	0.084	0.073	0.087	0.187	0.319	0.288	0.142	0.057	0.037	0.031	0.031	0.028	0.031	0.038	0.055
522.0	0.228	0.185	0.181	0.218	0.180	0.113	0.110	0.101	0.117	0.108	0.145	0.165	0.194	0.211	0.228	0.229	0.220	0.213	0.219	0.212	0.203	0.194	0.189	0.169	0.168	0.164	0.169	0.169	0.177	0.181	0.191	0.198	0.207	0.219	0.229	0.240	0.254	0.260	0.278	0.287	0.301	0.308	0.310	0.322	0.331	0.320	0.323	0.324	0.311	0.299	0.293	0.273	0.259	0.253	0.225	0.208	0.186	0.167	0.145	0.129	0.108	0.098	0.085	0.070	0.065	0.094	0.215	0.313	0.239	0.102	0.047	0.035	0.031	0.028	0.029	0.033	0.041
525.0	0.244	0.198	0.183	0.220	0.201	0.136	0.109	0.109	0.109	0.115	0.146	0.164	0.194	0.215	0.221	0.219	0.217	0.209	0.208	0.202	0.198	0.188	0.184	0.170	0.160	0.154	0.164	0.167	0.167	0.174	0.182	0.189	0.199	0.210	0.223	0.229	0.239	0.248	0.272	0.273	0.282	0.291	0.294	0.304	0.311	0.303	0.304	0.297	0.294	0.281	0.273	0.264	0.246	0.231	0.211	0.195	0.174	0.155	0.140	0.126	0.105	0.094	0.082	0.070	0.059	0.058	0.101	0.232	0.302	0.195	0.080	0.043	0.031	0.030	0.030	0.033	0.034
528.0	0.264	0.196	0.195	0.206	0.211	0.159	0.119	0.121	0.121	0.112	0.151	0.177	0.185	0.206	0.204	0.203	0.212	0.200	0.201	0.190	0.190	0.182	0.177	0.166	0.151	0.149	0.156	0.160	0.163	0.168	0.174	0.180	0.188	0.198	0.210	0.215	0.229	0.236	0.252	0.259	0.264	0.273	0.278	0.290	0.290	0.282	0.288	0.284	0.276	0.266	0.259	0.247	0.230	0.219	0.197	0.188	0.165	0.148	0.133	0.118	0.098	0.090	0.077	0.067	0.057	0.054	0.055	0.116	0.252	0.275	0.156	0.063	0.036	0.032	0.031	0.033	0.033
531.0	0.293	0.226	0.203	0.194	0.205	0.180	0.135	0.125	0.120	0.125	0.146	0.178	0.184	0.200	0.204	0.207	0.199	0.194	0.198	0.190	0.186	0.179	0.167	0.161	0.147	0.142	0.149	0.152	0.160	0.161	0.165	0.170	0.177	0.185	0.198	0.212	0.220	0.224	0.234	0.250	0.255	0.260	0.264	0.264	0.277	0.271	0.274	0.264	0.265	0.255	0.245	0.232	0.217	0.204	0.192	0.176	0.158	0.141	0.132	0.112	0.092	0.089	0.076	0.068	0.057	0.050	0.046	0.062	0.144	0.273	0.251	0.122	0.048	0.037	0.033	0.034	0.034
534.0	0.310	0.237	0.203	0.183	0.187	0.203	0.160	0.139	0.125	0.123	0.154	0.170	0.179	0.191	0.195	0.199	0.195	0.191	0.194	0.183	0.184	0.173	0.164	0.155	0.143	0.139	0.147	0.145	0.157	0.157	0.155	0.163	0.168	0.180	0.187	0.193	0.211	0.218	0.224	0.236	0.234	0.249	0.251	0.250	0.260	0.254	0.254	0.257	0.251	0.244	0.232	0.228	0.206	0.195	0.180	0.168	0.149	0.134	0.123	0.106	0.092	0.087	0.075	0.065	0.057	0.049	0.046	0.049	0.070	0.179	0.271	0.212	0.089	0.047	0.038	0.037	0.036
537.0	0.325	0.252	0.206	0.195	0.165	0.194	0.175	0.151	0.130	0.135	0.152	0.166	0.178	0.196	0.200	0.179	0.196	0.189	0.184	0.179	0.179	0.169	0.160	0.152	0.139	0.135	0.142	0.141	0.146	0.143	0.153	0.153	0.164	0.176	0.180	0.184	0.199	0.199	0.206	0.221	0.225	0.236	0.239	0.240	0.244	0.246	0.243	0.242	0.234	0.229	0.221	0.212	0.199	0.187	0.168	0.160	0.146	0.132	0.115	0.103	0.093	0.080	0.072	0.064	0.057	0.049	0.047	0.044	0.044	0.088	0.200	0.266	0.170	0.079	0.044	0.039	0.038
540.0	0.350	0.266	0.227	0.209	0.164	0.189	0.180	0.180	0.149	0.142	0.160	0.184	0.191	0.191	0.194	0.180	0.184	0.183	0.178	0.177	0.167	0.172	0.155	0.147	0.134	0.127	0.140	0.139	0.144	0.142	0.149	0.157	0.157	0.168	0.175	0.175	0.190	0.185	0.202	0.207	0.216	0.223	0.224	0.231	0.233	0.235	0.228	0.231	0.218	0.211	0.202	0.196	0.186	0.178	0.161	0.152	0.136	0.123	0.112	0.101	0.090	0.082	0.071	0.059	0.054	0.050	0.046	0.044	0.043	0.049	0.106	0.221	0.244	0.151	0.064	0.042	0.038
543.0	0.387	0.287	0.254	0.222	0.191	0.182	0.191	0.198	0.166	0.139	0.159	0.184	0.193	0.191	0.190	0.185	0.176	0.181	0.179	0.175	0.169	0.161	0.150	0.146	0.131	0.125	0.134	0.131	0.137	0.139	0.141	0.146	0.154	0.161	0.169	0.166	0.181	0.178	0.191	0.200	0.204	0.207	0.216	0.214	0.214	0.219	0.214	0.217	0.207	0.201	0.191	0.190	0.174	0.165	0.152	0.142	0.133	0.122	0.108	0.099	0.090	0.076	0.065	0.060	0.052	0.052	0.047	0.042	0.041	0.043	0.049	0.126	0.237	0.231	0.123	0.060	0.041
546.0	0.396	0.323	0.260	0.233	0.192	0.185	0.176	0.210	0.192	0.148	0.178	0.184	0.192	0.198	0.185	0.184	0.171	0.173	0.173	0.167	0.159	0.152	0.149	0.140	0.128	0.122	0.128	0.125	0.130	0.134	0.134	0.141	0.143	0.148	0.157	0.159	0.175	0.161	0.177	0.188	0.198	0.198	0.200	0.200	0.204	0.207	0.205	0.200	0.201	0.192	0.188	0.176	0.164	0.156	0.146	0.134	0.122	0.116	0.103	0.093	0.088	0.074	0.066	0.059	0.052	0.050	0.047	0.045	0.041	0.042	0.038	0.063	0.145	0.232	0.204	0.107	0.048
549.0	0.414	0.357	0.273	0.228	0.212	0.194	0.169	0.211	0.211	0.185	0.179	0.194	0.191	0.192	0.186	0.184	0.177	0.174	0.180	0.168	0.165	0.156	0.140	0.131	0.126	0.127	0.123	0.123	0.126	0.135	0.133	0.137	0.144	0.142	0.152	0.151	0.162	0.161	0.170	0.176	0.184	0.188	0.190	0.187	0.189	0.191	0.194	0.197	0.184	0.175	0.174	0.173	0.164	0.154	0.140	0.129	0.120	0.114	0.100	0.088	0.082	0.069	0.067	0.061	0.053	0.052	0.047	0.046	0.041	0.042	0.038	0.042	0.070	0.161	0.239	0.177	0.077
552.0	0.422	0.346	0.294	0.229	0.212	0.190	0.184	0.200	0.221	0.222	0.209	0.227	0.210	0.191	0.190	0.187	0.174	0.169	0.169	0.164	0.163	0.154	0.145	0.133	0.129	0.124	0.118	0.121	0.125	0.132	0.132	0.130	0.137	0.140	0.146	0.144	0.156	0.158	0.163	0.168	0.173	0.175	0.176	0.177	0.177	0.182	0.184	0.183	0.175	0.164	0.164	0.158	0.149	0.146	0.122	0.118	0.111	0.103	0.098	0.086	0.078	0.070	0.066	0.060	0.055	0.050	0.048	0.046	0.043	0.042	0.038	0.036	0.046	0.081	0.190	0.228	0.140
555.0	0.428	0.371	0.309	0.262	0.226	0.219	0.204	0.216	0.229	0.288	0.334	0.306	0.254	0.200	0.204	0.195	0.185	0.175	0.164	0.165	0.163	0.154	0.137	0.144	0.130	0.119	0.123	0.119	0.126	0.125	0.126	0.131	0.133	0.133	0.141	0.143	0.149	0.156	0.157	0.166	0.171	0.168	0.161	0.173	0.177	0.169	0.169	0.169	0.165	0.160	0.156	0.154	0.148	0.143	0.126	0.112	0.107	0.097	0.095	0.083	0.078	0.070	0.068	0.057	0.052	0.052	0.046	0.047	0.043	0.046	0.042	0.038	0.037	0.046	0.104	0.208	0.209
558.0	0.522	0.516	0.456	0.433	0.374	0.364	0.349	0.331	0.388	0.807	1.249	0.971	0.476	0.262	0.222	0.199	0.189	0.173	0.166	0.167	0.163	0.158	0.141	0.141	0.127	0.119	0.123	0.117	0.124	0.125	0.125	0.125	0.125	0.125	0.132	0.139	0.142	0.144	0.151	0.157	0.162	0.161	0.157	0.162	0.168	0.163	0.156	0.168	0.158	0.156	0.151	0.146	0.135	0.137	0.127	0.115	0.102	0.098	0.093	0.088	0.077	0.071	0.065	0.059	0.052	0.053	0.050	0.050	0.045	0.047	0.042	0.042	0.034	0.039	0.056	0.136	0.217
561.0	1.165	1.142	1.103	1.053	1.003	0.973	0.955	0.974	1.191	3.133	6.339	4.497	1.494	0.474	0.270	0.203	0.192	0.187	0.173	0.161	0.156	0.152	0.144	0.139	0.126	0.123	0.122	0.123	0.121	0.122	0.120	0.125	0.132	0.126	0.134	0.133	0.145	0.141	0.147	0.153	0.150	0.155	0.156	0.159	0.162	0.154	0.155	0.164	0.151	0.154	0.147	0.144	0.130	0.132	0.118	0.111	0.106	0.100	0.087	0.084	0.077	0.075	0.067	0.060	0.055	0.055	0.052	0.054	0.051	0.048	0.045	0.039	0.038	0.038	0.042	0.076	0.167
564.0	2.651	2.612	2.592	2.561	2.496	2.425	2.424	2.529	3.097	7.375	21.08	18.10	5.165	1.005	0.391	0.234	0.212	0.194	0.182	0.170	0.170	0.161	0.143	0.151	0.126	0.123	0.123	0.122	0.127	0.117	0.120	0.122	0.124	0.127	0.131	0.126	0.139	0.136	0.144	0.148	0.149	0.156	0.154	0.151	0.152	0.151	0.153	0.157	0.146	0.145	0.143	0.140	0.127	0.126	0.116	0.107	0.104	0.103	0.090	0.085	0.079	0.070	0.069	0.062	0.063	0.061	0.057	0.053	0.054	0.053	0.043	0.048	0.045	0.047	0.050	0.060	0.111
567.0	4.623	4.623	4.597	4.572	4.467	4.453	4.352	4.656	5.674	11.47	40.36	49.09	17.53	2.515	0.570	0.276	0.225	0.214	0.187	0.176	0.166	0.162	0.150	0.156	0.130	0.131	0.119	0.128	0.125	0.125	0.128	0.128	0.129	0.129	0.132	0.127	0.140	0.135	0.143	0.141	0.146	0.146	0.147	0.141	0.145	0.150	0.146	0.151	0.142	0.136	0.145	0.136	0.129	0.122	0.110	0.104	0.103	0.099	0.092	0.087	0.084	0.067	0.072	0.068	0.072	0.064	0.067	0.058	0.058	0.062	0.058	0.060	0.056	0.058	0.061	0.071	0.068
570.0	6.175	6.216	6.169	6.166	6.082	6.063	5.960	6.331	7.684	14.90	43.87	81.08	48.26	8.108	0.884	0.327	0.241	0.228	0.197	0.198	0.182	0.170	0.155	0.162	0.140	0.136	0.135	0.132	0.124	0.126	0.128	0.126	0.133	0.126	0.138	0.129	0.136	0.132	0.139	0.138	0.140	0.146	0.153	0.141	0.141	0.148	0.149	0.139	0.139	0.137	0.145	0.133	0.128	0.122	0.119	0.099	0.112	0.101	0.097	0.095	0.090	0.075	0.073	0.077	0.077	0.073	0.068	0.066	0.066	0.070	0.070	0.067	0.063	0.067	0.070	0.082	0.072
573.0	7.162	7.101	7.070	7.115	7.032	6.956	6.872	7.264	8.887	17.18	35.92	86.37	93.55	27.45	2.739	0.398	0.269	0.244	0.220	0.202	0.198	0.188	0.165	0.163	0.144	0.145	0.143	0.133	0.127	0.130	0.121	0.127	0.131	0.124	0.129	0.131	0.135	0.132	0.135	0.145	0.142	0.144	0.150	0.147	0.139	0.145	0.139	0.146	0.143	0.127	0.133	0.128	0.124	0.123	0.113	0.107	0.105	0.101	0.097	0.092	0.091	0.087	0.076	0.079	0.074	0.072	0.070	0.071	0.072	0.073	0.077	0.077	0.070	0.070	0.073	0.083	0.089
576.0	7.421	7.523	7.493	7.495	7.393	7.346	7.393	7.733	9.525	18.67	33.55	59.60	118.1	70.09	11.71	0.624	0.306	0.249	0.242	0.215	0.202	0.190	0.175	0.171	0.151	0.150	0.142	0.133	0.134	0.139	0.130	0.128	0.136	0.136	0.135	0.130	0.130	0.130	0.135	0.151	0.138	0.139	0.144	0.145	0.142	0.143	0.137	0.143	0.136	0.127	0.133	0.126	0.122	0.121	0.112	0.114	0.103	0.105	0.088	0.090	0.092	0.096	0.081	0.078	0.082	0.081	0.072	0.078	0.080	0.076	0.076	0.072	0.074	0.071	0.081	0.087	0.103
579.0	7.709	7.725	7.726	7.834	7.754	7.732	7.709	7.945	9.928	19.77	35.27	37.13	103.0	120.4	39.25	2.471	0.348	0.281	0.251	0.231	0.207	0.203	0.184	0.182	0.157	0.160	0.151	0.140	0.144	0.136	0.137	0.132	0.132	0.136	0.131	0.136	0.130	0.132	0.142	0.147	0.140	0.138	0.139	0.146	0.140	0.136	0.137	0.134	0.134	0.127	0.129	0.126	0.121	0.119	0.112	0.112	0.108	0.099	0.093	0.092	0.100	0.090	0.089	0.086	0.078	0.084	0.078	0.081	0.085	0.076	0.087	0.077	0.074	0.077	0.082	0.099	0.096
582.0	7.883	7.850	7.865	7.878	7.933	7.864	7.737	8.068	10.08	20.36	36.53	31.59	56.15	138.3	92.79	12.31	0.640	0.317	0.292	0.267	0.222	0.224	0.190	0.191	0.169	0.158	0.158	0.158	0.142	0.141	0.137	0.137	0.137	0.132	0.132	0.145	0.134	0.126	0.140	0.142	0.134	0.142	0.144	0.138	0.139	0.141	0.138	0.141	0.134	0.130	0.137	0.121	0.121	0.114	0.122	0.111	0.100	0.105	0.098	0.095	0.103	0.088	0.091	0.086	0.086	0.081	0.082	0.090	0.086	0.080	0.083	0.081	0.074	0.082	0.086	0.108	0.098
585.0	7.712	7.807	7.785	7.745	7.674	7.722	7.653	7.973	10.00	20.26	36.67	31.10	22.67	109.1	144.8	42.76	3.227	0.371	0.308	0.282	0.243	0.233	0.190	0.197	0.175	0.160	0.152	0.148	0.144	0.158	0.140	0.150	0.139	0.137	0.135	0.146	0.150	0.136	0.149	0.139	0.147	0.132	0.138	0.134	0.143	0.135	0.136	0.129	0.132	0.129	0.130	0.116	0.122	0.118	0.111	0.107	0.105	0.111	0.107	0.103	0.105	0.099	0.096	0.086	0.087	0.086	0.087	0.084	0.087	0.083	0.083	0.081	0.074	0.078	0.089	0.100	0.112
588.0	7.436	7.569	7.568	7.567	7.650	7.436	7.486	7.778	9.732	19.99	36.04	30.67	13.93	51.38	154.2	103.3	15.99	0.763	0.353	0.305	0.260	0.246	0.205	0.204	0.178	0.163	0.167	0.160	0.160	0.146	0.149	0.144	0.141	0.137	0.133	0.145	0.138	0.145	0.134	0.146	0.138	0.138	0.144	0.138	0.146	0.125	0.137	0.128	0.132	0.131	0.125	0.118	0.128	0.118	0.115	0.110	0.119	0.106	0.099	0.100	0.100	0.102	0.097	0.087	0.093	0.087	0.091	0.087	0.084	0.089	0.087	0.081	0.073	0.077	0.090	0.103	0.113
591.0	7.167	7.189	7.358	7.379	7.306	7.334	7.329	7.560	9.337	19.44	34.96	30.12	12.99	14.24	109.8	162.2	54.71	3.985	0.408	0.329	0.286	0.255	0.225	0.217	0.192	0.176	0.179	0.178	0.158	0.160	0.154	0.148	0.156	0.129	0.148	0.156	0.134	0.136	0.124	0.153	0.149	0.137	0.133	0.142	0.142	0.133	0.131	0.129	0.131	0.121	0.125	0.125	0.126	0.124	0.123	0.108	0.118	0.101	0.111	0.106	0.105	0.106	0.097	0.097	0.097	0.090	0.091	0.096	0.085	0.092	0.090	0.078	0.076	0.086	0.089	0.098	0.109
594.0	6.997	6.975	7.076	7.117	7.232	7.141	7.174	7.264	8.953	18.88	34.01	29.18	12.78	5.612	46.62	172.6	120.7	18.96	0.808	0.351	0.310	0.265	0.246	0.235	0.211	0.196	0.185	0.189	0.172	0.168	0.162	0.138	0.163	0.135	0.157	0.154	0.140	0.136	0.140	0.156	0.141	0.148	0.138	0.139	0.137	0.130	0.131	0.125	0.126	0.122	0.131	0.131	0.122	0.132	0.113	0.111	0.114	0.108	0.107	0.103	0.105	0.109	0.095	0.101	0.098	0.100	0.099	0.091	0.091	0.093	0.092	0.086	0.089	0.088	0.090	0.106	0.112
597.0	6.767	6.842	6.865	6.970	6.915	7.004	6.873	7.129	8.737	18.46	33.30	28.29	12.27	4.883	10.76	124.0	181.1	64.09	4.308	0.442	0.336	0.309	0.277	0.252	0.214	0.207	0.194	0.187	0.189	0.176	0.162	0.138	0.161	0.146	0.145	0.156	0.153	0.132	0.155	0.147	0.149	0.145	0.146	0.141	0.143	0.133	0.135	0.120	0.119	0.131	0.138	0.143	0.128	0.132	0.109	0.113	0.111	0.116	0.111	0.106	0.108	0.106	0.096	0.105	0.094	0.102	0.099	0.094	0.095	0.097	0.090	0.092	0.087	0.088	0.095	0.105	0.119
600.0	6.999	6.895	7.048	6.947	7.044	7.103	7.131	7.202	8.890	18.72	33.37	28.78	12.55	4.864	3.829	80.87	200.0	110.1	10.85	0.628	0.396	0.338	0.309	0.298	0.244	0.210	0.234	0.199	0.173	0.194	0.186	0.181	0.169	0.169	0.151	0.162	0.142	0.150	0.182	0.175	0.158	0.151	0.164	0.145	0.139	0.132	0.125	0.116	0.132	0.145	0.146	0.145	0.114	0.137	0.114	0.122	0.117	0.111	0.117	0.139	0.118	0.095	0.098	0.116	0.100	0.121	0.128	0.108	0.109	0.098	0.100	0.090	0.095	0.084	0.098	0.113	0.131
