270.0	0.237	0.227	0.214	0.219	0.193	0.231	0.242	0.234	0.198	0.188	0.190	0.175	0.134	0.108	0.100	0.092	0.087	0.083	0.081	0.077	0.070	0.064	0.060	0.058	0.056	0.052	0.046	0.039	0.037	0.036	0.034	0.031	0.030	0.027	0.024	0.023	0.022	0.021	0.021	0.020	0.018	0.017	0.017	0.017	0.015	0.016	0.015	0.014	0.013	0.014	0.013	0.012	0.013	0.012	0.013	0.012	0.014	0.014	0.011	0.011	0.012	0.012	0.011	0.015	0.012	0.013	0.011	0.010	0.012	0.011	0.010	0.009	0.009	0.009	0.010	0.011	0.012
273.0	0.315	0.288	0.261	0.256	0.238	0.242	0.261	0.275	0.256	0.234	0.245	0.235	0.163	0.130	0.112	0.104	0.092	0.089	0.089	0.081	0.072	0.069	0.061	0.060	0.057	0.052	0.044	0.042	0.040	0.034	0.034	0.033	0.029	0.028	0.027	0.024	0.023	0.023	0.019	0.020	0.015	0.017	0.017	0.014	0.015	0.016	0.015	0.014	0.014	0.013	0.011	0.010	0.013	0.012	0.014	0.011	0.013	0.013	0.013	0.011	0.012	0.009	0.013	0.016	0.014	0.014	0.011	0.011	0.012	0.011	0.010	0.009	0.010	0.009	0.010	0.013	0.010
276.0	0.589	0.555	0.555	0.549	0.518	0.541	0.567	0.559	0.567	1.155	2.107	1.615	0.651	0.252	0.146	0.120	0.100	0.097	0.093	0.086	0.078	0.073	0.062	0.059	0.059	0.051	0.045	0.041	0.039	0.033	0.033	0.031	0.030	0.028	0.027	0.022	0.024	0.022	0.019	0.020	0.017	0.018	0.016	0.015	0.016	0.016	0.014	0.015	0.014	0.015	0.013	0.008	0.012	0.012	0.014	0.012	0.013	0.013	0.013	0.013	0.013	0.012	0.012	0.014	0.015	0.014	0.011	0.012	0.012	0.012	0.010	0.010	0.010	0.010	0.011	0.011	0.012
279.0	2.543	2.578	2.675	2.738	2.760	2.865	2.866	2.912	3.032	7.507	20.85	18.42	6.139	1.209	0.332	0.168	0.126	0.106	0.099	0.090	0.085	0.074	0.063	0.060	0.059	0.053	0.048	0.045	0.042	0.036	0.033	0.035	0.034	0.027	0.030	0.023	0.022	0.023	0.019	0.021	0.020	0.019	0.017	0.015	0.017	0.016	0.015	0.015	0.015	0.014	0.016	0.011	0.012	0.012	0.013	0.013	0.014	0.014	0.014	0.013	0.015	0.015	0.015	0.018	0.019	0.019	0.017	0.016	0.018	0.019	0.019	0.015	0.017	0.017	0.019	0.021	0.023
282.0	9.195	9.490	9.901	10.13	10.26	10.44	10.62	10.66	11.05	22.50	74.81	98.97	46.74	9.063	1.282	0.301	0.185	0.140	0.121	0.109	0.100	0.092	0.077	0.071	0.067	0.060	0.052	0.047	0.045	0.041	0.036	0.036	0.034	0.030	0.032	0.027	0.024	0.024	0.021	0.023	0.022	0.018	0.022	0.018	0.015	0.016	0.017	0.017	0.016	0.016	0.016	0.016	0.015	0.014	0.016	0.013	0.014	0.018	0.017	0.018	0.022	0.023	0.025	0.030	0.035	0.035	0.036	0.034	0.041	0.040	0.041	0.040	0.039	0.043	0.049	0.055	0.059
285.0	17.23	17.97	18.54	18.99	19.23	19.61	19.68	19.74	19.97	36.24	102.4	185.1	161.5	54.09	9.077	0.787	0.268	0.192	0.157	0.134	0.119	0.108	0.092	0.088	0.078	0.070	0.061	0.056	0.052	0.047	0.046	0.039	0.038	0.035	0.034	0.029	0.026	0.027	0.023	0.023	0.025	0.020	0.023	0.019	0.016	0.018	0.018	0.019	0.018	0.020	0.018	0.019	0.016	0.018	0.016	0.016	0.018	0.021	0.021	0.025	0.030	0.033	0.037	0.044	0.052	0.056	0.053	0.058	0.065	0.068	0.070	0.069	0.067	0.073	0.084	0.098	0.105
288.0	21.53	22.38	23.20	23.84	24.13	24.47	24.57	24.49	24.84	42.86	92.87	154.1	240.7	188.0	62.59	7.167	0.650	0.246	0.200	0.161	0.142	0.119	0.106	0.099	0.084	0.078	0.067	0.064	0.055	0.053	0.048	0.041	0.038	0.036	0.035	0.029	0.031	0.028	0.028	0.026	0.028	0.024	0.024	0.022	0.018	0.020	0.018	0.022	0.019	0.021	0.019	0.019	0.017	0.020	0.017	0.020	0.019	0.022	0.023	0.027	0.030	0.037	0.043	0.052	0.060	0.065	0.063	0.069	0.078	0.084	0.086	0.084	0.085	0.091	0.104	0.122	0.127
291.0	21.96	22.69	23.54	24.30	24.54	24.82	25.04	25.00	25.27	42.74	85.52	93.36	146.0	252.0	205.4	59.97	8.032	0.656	0.242	0.189	0.158	0.134	0.116	0.103	0.090	0.079	0.069	0.066	0.061	0.054	0.051	0.043	0.042	0.040	0.037	0.035	0.030	0.030	0.030	0.028	0.026	0.023	0.025	0.022	0.019	0.021	0.018	0.022	0.019	0.020	0.018	0.020	0.017	0.020	0.019	0.020	0.022	0.021	0.023	0.028	0.033	0.040	0.046	0.057	0.061	0.065	0.066	0.073	0.081	0.086	0.086	0.085	0.086	0.091	0.105	0.125	0.128
294.0	20.21	20.90	21.78	22.50	22.93	23.17	23.40	23.48	23.58	39.54	78.01	73.96	53.40	137.8	262.6	202.5	60.91	7.436	0.545	0.230	0.179	0.150	0.128	0.110	0.098	0.085	0.074	0.067	0.062	0.054	0.048	0.047	0.042	0.037	0.038	0.035	0.030	0.031	0.029	0.028	0.025	0.024	0.024	0.022	0.020	0.021	0.019	0.020	0.019	0.020	0.019	0.019	0.016	0.020	0.019	0.020	0.022	0.021	0.021	0.027	0.031	0.038	0.043	0.053	0.056	0.063	0.063	0.066	0.075	0.080	0.081	0.079	0.079	0.084	0.099	0.115	0.118
297.0	17.91	18.52	19.33	19.95	20.40	20.73	21.03	21.07	21.16	35.30	69.23	64.64	31.21	33.33	129.2	275.1	217.9	67.36	7.341	0.601	0.220	0.174	0.151	0.125	0.103	0.092	0.080	0.069	0.065	0.058	0.052	0.045	0.045	0.040	0.039	0.034	0.032	0.031	0.028	0.028	0.025	0.024	0.023	0.020	0.021	0.021	0.020	0.020	0.019	0.020	0.018	0.019	0.017	0.018	0.019	0.017	0.020	0.020	0.022	0.025	0.030	0.037	0.040	0.048	0.051	0.056	0.055	0.058	0.064	0.072	0.070	0.072	0.070	0.076	0.087	0.099	0.108
300.0	15.81	16.41	17.15	17.78	18.19	18.53	18.81	18.88	18.94	31.62	61.35	57.18	26.26	12.00	28.25	147.1	281.9	220.7	64.32	8.173	0.520	0.218	0.169	0.139	0.118	0.097	0.085	0.076	0.068	0.063	0.056	0.050	0.047	0.042	0.040	0.035	0.034	0.030	0.029	0.027	0.025	0.024	0.024	0.020	0.021	0.021	0.019	0.021	0.018	0.020	0.019	0.019	0.018	0.018	0.018	0.017	0.020	0.019	0.022	0.025	0.028	0.035	0.038	0.041	0.049	0.051	0.049	0.050	0.061	0.062	0.063	0.064	0.062	0.066	0.077	0.087	0.096
303.0	13.79	14.29	14.99	15.69	16.01	16.35	16.58	16.59	16.76	27.85	54.10	50.43	22.87	8.885	7.486	31.42	146.0	287.1	217.4	68.59	6.673	0.480	0.200	0.160	0.136	0.109	0.093	0.081	0.069	0.065	0.058	0.051	0.047	0.042	0.039	0.035	0.032	0.030	0.028	0.029	0.024	0.024	0.023	0.020	0.020	0.022	0.020	0.021	0.019	0.020	0.018	0.015	0.018	0.019	0.018	0.016	0.019	0.021	0.021	0.022	0.025	0.030	0.034	0.039	0.043	0.046	0.045	0.048	0.054	0.055	0.056	0.056	0.055	0.060	0.068	0.077	0.081
306.0	11.96	12.45	13.01	13.64	14.00	14.22	14.55	14.53	14.56	24.28	47.35	44.41	20.15	7.416	4.825	7.157	31.36	145.9	284.2	223.9	64.16	7.581	0.458	0.192	0.157	0.127	0.104	0.090	0.075	0.070	0.061	0.055	0.049	0.044	0.041	0.036	0.036	0.031	0.028	0.028	0.027	0.026	0.025	0.021	0.021	0.022	0.018	0.018	0.019	0.020	0.019	0.017	0.018	0.019	0.019	0.017	0.017	0.020	0.020	0.020	0.023	0.028	0.030	0.035	0.038	0.041	0.042	0.042	0.046	0.050	0.048	0.046	0.048	0.052	0.057	0.068	0.072
309.0	10.27	10.67	11.26	11.74	12.10	12.36	12.73	12.61	12.64	21.19	41.89	39.87	18.36	6.577	3.877	4.279	7.075	31.47	151.3	278.8	210.7	65.25	6.621	0.403	0.188	0.147	0.118	0.098	0.086	0.074	0.064	0.056	0.051	0.046	0.044	0.039	0.036	0.030	0.032	0.029	0.029	0.025	0.024	0.020	0.021	0.023	0.019	0.016	0.019	0.018	0.018	0.016	0.018	0.018	0.018	0.017	0.017	0.019	0.020	0.021	0.024	0.027	0.028	0.030	0.036	0.037	0.039	0.039	0.043	0.043	0.044	0.041	0.044	0.046	0.052	0.060	0.066
312.0	8.856	9.190	9.683	10.09	10.39	10.67	10.90	10.86	10.91	18.28	36.18	35.54	17.70	6.593	3.480	3.384	4.253	6.902	31.65	136.0	271.4	214.0	64.16	6.513	0.437	0.178	0.136	0.111	0.094	0.080	0.070	0.057	0.054	0.048	0.047	0.039	0.037	0.033	0.032	0.030	0.030	0.026	0.024	0.022	0.020	0.023	0.020	0.018	0.018	0.019	0.017	0.016	0.018	0.018	0.017	0.015	0.017	0.020	0.019	0.021	0.022	0.023	0.026	0.028	0.033	0.035	0.034	0.035	0.038	0.039	0.038	0.037	0.038	0.040	0.046	0.053	0.058
315.0	7.579	7.920	8.319	8.727	8.951	9.232	9.396	9.383	9.352	15.82	31.14	30.90	16.98	7.541	3.827	3.003	3.406	4.132	6.748	29.14	140.8	261.6	204.0	62.02	7.824	0.385	0.172	0.134	0.107	0.092	0.079	0.062	0.058	0.052	0.047	0.041	0.039	0.035	0.034	0.030	0.030	0.026	0.023	0.021	0.022	0.022	0.023	0.018	0.018	0.018	0.018	0.016	0.018	0.017	0.016	0.017	0.017	0.018	0.018	0.020	0.021	0.022	0.024	0.025	0.031	0.032	0.031	0.032	0.033	0.035	0.035	0.034	0.033	0.037	0.041	0.047	0.049
318.0	6.505	6.770	7.208	7.533	7.737	7.955	8.158	8.069	8.078	13.74	26.86	26.36	14.96	8.392	5.044	3.238	2.981	3.272	3.931	6.204	29.84	131.3	256.9	198.1	66.43	6.460	0.356	0.164	0.130	0.102	0.086	0.068	0.061	0.053	0.051	0.042	0.040	0.035	0.034	0.031	0.029	0.027	0.027	0.024	0.022	0.021	0.022	0.020	0.018	0.019	0.017	0.017	0.018	0.017	0.016	0.016	0.018	0.018	0.017	0.019	0.020	0.023	0.023	0.024	0.028	0.028	0.028	0.028	0.030	0.032	0.031	0.030	0.029	0.032	0.036	0.042	0.042
321.0	5.541	5.781	6.141	6.412	6.578	6.798	6.953	6.906	6.936	11.81	23.16	22.65	12.40	7.656	6.417	4.358	3.110	2.818	3.089	3.600	5.963	26.96	127.5	247.1	203.3	63.28	7.192	0.384	0.161	0.118	0.098	0.079	0.068	0.060	0.052	0.047	0.043	0.038	0.036	0.032	0.030	0.027	0.025	0.024	0.021	0.023	0.022	0.020	0.018	0.019	0.017	0.018	0.018	0.016	0.015	0.017	0.018	0.017	0.017	0.017	0.021	0.022	0.022	0.021	0.024	0.026	0.026	0.026	0.027	0.029	0.028	0.027	0.026	0.027	0.033	0.038	0.038
324.0	4.726	4.967	5.243	5.465	5.677	5.758	5.948	5.862	5.908	10.14	19.96	19.65	10.73	6.188	6.180	5.820	4.056	2.852	2.629	2.841	3.326	5.356	27.44	126.9	235.1	186.9	60.55	7.280	0.327	0.146	0.117	0.091	0.079	0.063	0.056	0.049	0.047	0.042	0.037	0.035	0.032	0.027	0.027	0.025	0.022	0.024	0.022	0.019	0.018	0.018	0.016	0.017	0.019	0.018	0.016	0.016	0.016	0.018	0.017	0.017	0.020	0.023	0.022	0.021	0.021	0.024	0.024	0.023	0.025	0.026	0.025	0.024	0.024	0.026	0.029	0.034	0.033
327.0	3.993	4.160	4.469	4.627	4.740	4.868	5.004	4.907	4.996	8.521	16.84	16.84	9.508	5.329	4.917	6.137	5.534	3.667	2.568	2.403	2.571	2.958	5.135	26.27	110.5	224.9	181.6	61.37	6.342	0.331	0.143	0.107	0.091	0.071	0.063	0.053	0.047	0.041	0.038	0.035	0.031	0.028	0.028	0.025	0.023	0.024	0.020	0.018	0.018	0.018	0.019	0.017	0.017	0.018	0.015	0.014	0.017	0.017	0.016	0.016	0.018	0.020	0.020	0.021	0.021	0.021	0.022	0.021	0.022	0.022	0.022	0.023	0.021	0.023	0.025	0.030	0.029
330.0	3.337	3.487	3.707	3.852	3.967	4.099	4.179	4.137	4.216	7.173	14.16	14.46	8.526	5.020	4.193	5.008	5.993	5.051	3.146	2.293	2.095	2.258	2.685	4.866	22.68	110.7	211.0	175.4	56.81	7.437	0.314	0.134	0.103	0.080	0.068	0.057	0.049	0.043	0.039	0.037	0.034	0.028	0.029	0.024	0.024	0.023	0.019	0.021	0.017	0.017	0.017	0.018	0.017	0.016	0.016	0.015	0.017	0.018	0.015	0.015	0.018	0.018	0.019	0.019	0.019	0.021	0.020	0.019	0.020	0.021	0.020	0.020	0.019	0.021	0.024	0.026	0.025
333.0	2.812	2.933	3.117	3.245	3.332	3.441	3.504	3.441	3.524	5.986	11.94	12.30	7.571	4.775	4.026	4.020	4.988	5.722	4.339	2.705	1.905	1.825	2.037	2.529	4.333	23.28	103.9	199.3	161.6	56.04	6.058	0.290	0.125	0.094	0.078	0.062	0.053	0.045	0.041	0.035	0.034	0.028	0.028	0.026	0.023	0.023	0.021	0.023	0.018	0.017	0.017	0.019	0.017	0.016	0.016	0.016	0.016	0.016	0.015	0.016	0.017	0.018	0.017	0.018	0.020	0.018	0.020	0.018	0.019	0.021	0.019	0.017	0.017	0.019	0.020	0.023	0.022
336.0	2.346	2.408	2.584	2.715	2.759	2.829	2.906	2.890	2.879	4.972	9.939	10.46	6.794	4.541	3.971	3.766	3.931	4.857	5.236	3.814	2.185	1.627	1.631	1.927	2.398	4.324	21.24	92.59	187.8	158.9	52.78	6.662	0.296	0.118	0.087	0.071	0.060	0.048	0.043	0.039	0.035	0.030	0.029	0.027	0.024	0.023	0.021	0.022	0.018	0.018	0.019	0.017	0.016	0.018	0.017	0.015	0.015	0.014	0.015	0.014	0.016	0.017	0.018	0.017	0.017	0.016	0.017	0.016	0.018	0.019	0.019	0.016	0.016	0.017	0.018	0.022	0.020
339.0	1.947	2.005	2.194	2.224	2.290	2.360	2.412	2.392	2.417	4.148	8.307	8.973	6.120	4.384	3.961	3.807	3.616	3.778	4.761	4.769	3.099	1.835	1.437	1.558	1.883	2.355	4.038	19.64	93.58	175.6	145.3	51.16	6.583	0.270	0.112	0.085	0.065	0.053	0.047	0.041	0.036	0.034	0.029	0.029	0.022	0.022	0.021	0.021	0.018	0.018	0.018	0.017	0.018	0.017	0.017	0.015	0.015	0.014	0.014	0.015	0.016	0.015	0.016	0.016	0.016	0.015	0.015	0.015	0.016	0.017	0.017	0.013	0.013	0.016	0.015	0.020	0.020
342.0	1.612	1.695	1.779	1.880	1.905	1.948	1.997	1.985	1.994	3.388	6.939	7.732	5.592	4.300	4.013	3.869	3.649	3.372	3.655	4.543	4.239	2.639	1.584	1.386	1.554	1.879	2.280	3.734	19.57	82.94	167.2	140.0	49.18	5.581	0.248	0.103	0.076	0.061	0.052	0.043	0.039	0.032	0.030	0.028	0.025	0.023	0.022	0.020	0.019	0.018	0.018	0.016	0.018	0.017	0.017	0.015	0.015	0.016	0.014	0.016	0.015	0.015	0.015	0.015	0.017	0.016	0.015	0.016	0.014	0.015	0.016	0.014	0.013	0.015	0.014	0.018	0.020
345.0	1.361	1.411	1.485	1.538	1.573	1.623	1.662	1.631	1.642	2.821	5.817	6.646	5.192	4.215	4.032	3.960	3.750	3.378	3.129	3.517	4.361	3.771	2.235	1.484	1.391	1.586	1.855	2.132	3.607	17.33	81.45	155.4	132.9	45.90	6.185	0.238	0.095	0.072	0.058	0.048	0.041	0.035	0.033	0.030	0.025	0.024	0.024	0.021	0.019	0.018	0.018	0.018	0.015	0.017	0.017	0.015	0.015	0.017	0.014	0.015	0.015	0.015	0.015	0.015	0.015	0.015	0.014	0.014	0.014	0.015	0.015	0.013	0.012	0.013	0.015	0.017	0.017
348.0	1.146	1.190	1.224	1.283	1.301	1.330	1.376	1.354	1.367	2.328	4.862	5.757	4.805	4.119	4.018	3.979	3.755	3.410	3.067	2.892	3.432	4.094	3.238	1.927	1.425	1.394	1.545	1.752	1.974	3.208	17.48	75.48	146.8	122.6	44.50	5.113	0.196	0.087	0.070	0.055	0.047	0.038	0.034	0.029	0.027	0.025	0.023	0.023	0.020	0.017	0.019	0.018	0.016	0.017	0.017	0.016	0.015	0.016	0.014	0.015	0.014	0.015	0.014	0.014	0.014	0.014	0.012	0.015	0.013	0.015	0.013	0.011	0.012	0.013	0.012	0.016	0.016
351.0	0.934	0.994	1.017	1.063	1.086	1.105	1.118	1.113	1.124	1.905	4.089	5.010	4.491	4.024	4.021	3.977	3.759	3.403	3.049	2.726	2.632	3.273	3.796	2.838	1.771	1.354	1.335	1.455	1.601	1.786	3.083	15.33	67.98	137.2	118.9	41.66	4.909	0.215	0.084	0.064	0.052	0.045	0.037	0.033	0.028	0.026	0.023	0.023	0.022	0.020	0.019	0.019	0.016	0.016	0.016	0.015	0.014	0.014	0.014	0.013	0.015	0.015	0.015	0.013	0.014	0.014	0.012	0.013	0.012	0.013	0.012	0.011	0.011	0.011	0.012	0.014	0.016
354.0	0.781	0.814	0.833	0.885	0.890	0.921	0.922	0.921	0.934	1.571	3.439	4.434	4.191	3.916	3.975	3.954	3.735	3.377	3.046	2.698	2.403	2.451	3.225	3.498	2.560	1.560	1.253	1.242	1.336	1.463	1.640	2.743	14.44	66.99	128.0	108.6	37.39	5.199	0.179	0.079	0.062	0.051	0.042	0.033	0.030	0.027	0.026	0.023	0.023	0.020	0.019	0.019	0.016	0.017	0.017	0.016	0.014	0.013	0.014	0.013	0.013	0.014	0.014	0.013	0.014	0.014	0.013	0.013	0.012	0.011	0.012	0.012	0.010	0.011	0.011	0.013	0.014
357.0	0.668	0.659	0.696	0.718	0.740	0.754	0.771	0.749	0.759	1.287	2.902	3.911	3.907	3.806	3.890	3.900	3.676	3.324	2.968	2.676	2.372	2.142	2.338	3.197	3.268	2.164	1.377	1.137	1.117	1.199	1.321	1.481	2.512	13.65	59.04	120.6	102.4	38.24	4.123	0.170	0.076	0.058	0.047	0.037	0.034	0.029	0.026	0.025	0.022	0.021	0.019	0.018	0.017	0.017	0.016	0.016	0.017	0.017	0.014	0.015	0.014	0.014	0.015	0.014	0.014	0.013	0.012	0.012	0.012	0.012	0.012	0.011	0.010	0.011	0.010	0.011	0.013
360.0	0.527	0.552	0.564	0.587	0.602	0.613	0.632	0.629	0.624	1.075	2.452	3.491	3.687	3.684	3.810	3.822	3.611	3.240	2.930	2.633	2.341	2.101	1.946	2.304	3.082	2.928	1.872	1.211	1.006	0.997	1.082	1.194	1.342	2.342	11.83	55.96	112.1	98.71	33.69	4.571	0.173	0.071	0.055	0.043	0.036	0.034	0.028	0.025	0.022	0.020	0.019	0.018	0.019	0.018	0.017	0.014	0.017	0.014	0.014	0.014	0.013	0.014	0.013	0.014	0.012	0.013	0.013	0.011	0.012	0.012	0.012	0.011	0.009	0.011	0.011	0.012	0.013
363.0	0.448	0.484	0.463	0.494	0.497	0.505	0.518	0.512	0.518	0.876	2.091	3.119	3.463	3.571	3.723	3.694	3.505	3.168	2.849	2.557	2.292	2.063	1.858	1.816	2.271	3.013	2.577	1.591	1.029	0.879	0.903	0.986	1.087	1.217	2.047	11.66	53.98	104.0	88.39	32.18	4.046	0.153	0.067	0.052	0.043	0.036	0.030	0.027	0.024	0.022	0.020	0.020	0.021	0.017	0.017	0.015	0.017	0.016	0.014	0.014	0.014	0.014	0.014	0.015	0.013	0.013	0.012	0.012	0.012	0.010	0.011	0.009	0.009	0.010	0.010	0.012	0.012
366.0	0.385	0.389	0.403	0.413	0.409	0.431	0.424	0.418	0.423	0.728	1.811	2.803	3.270	3.425	3.570	3.571	3.358	3.029	2.716	2.459	2.212	2.000	1.813	1.683	1.702	2.288	2.830	2.241	1.282	0.882	0.764	0.803	0.879	0.989	1.099	1.947	10.90	46.75	97.72	84.85	30.57	3.743	0.152	0.060	0.050	0.040	0.033	0.030	0.024	0.022	0.022	0.020	0.019	0.016	0.018	0.016	0.016	0.016	0.015	0.014	0.015	0.014	0.013	0.014	0.012	0.013	0.012	0.011	0.012	0.010	0.011	0.010	0.008	0.009	0.009	0.012	0.012
369.0	0.319	0.331	0.338	0.346	0.353	0.358	0.366	0.353	0.356	0.605	1.581	2.552	3.078	3.291	3.414	3.437	3.229	2.918	2.612	2.362	2.107	1.916	1.760	1.613	1.516	1.642	2.264	2.568	1.829	1.063	0.741	0.681	0.717	0.803	0.903	1.017	1.804	9.555	47.09	90.81	78.34	28.24	3.924	0.139	0.061	0.046	0.039	0.033	0.026	0.025	0.023	0.020	0.021	0.018	0.017	0.015	0.015	0.017	0.015	0.015	0.014	0.013	0.014	0.014	0.012	0.012	0.011	0.011	0.011	0.010	0.010	0.009	0.009	0.009	0.010	0.011	0.012
372.0	0.279	0.291	0.282	0.286	0.290	0.300	0.303	0.300	0.305	0.518	1.383	2.312	2.903	3.131	3.265	3.262	3.096	2.762	2.489	2.242	2.015	1.835	1.682	1.557	1.460	1.381	1.557	2.170	2.295	1.531	0.850	0.640	0.591	0.651	0.737	0.826	0.929	1.590	9.830	43.01	85.28	72.76	27.28	3.173	0.129	0.058	0.043	0.037	0.030	0.026	0.024	0.021	0.021	0.018	0.018	0.016	0.016	0.017	0.015	0.014	0.014	0.012	0.013	0.013	0.012	0.013	0.013	0.010	0.011	0.010	0.011	0.009	0.009	0.008	0.009	0.010	0.011
375.0	0.251	0.259	0.248	0.254	0.250	0.255	0.254	0.249	0.256	0.442	1.233	2.130	2.729	2.961	3.103	3.123	2.926	2.631	2.352	2.132	1.925	1.740	1.589	1.468	1.404	1.308	1.246	1.472	2.080	2.023	1.229	0.722	0.553	0.535	0.602	0.683	0.768	0.840	1.575	8.747	39.52	79.18	70.20	25.47	3.440	0.139	0.056	0.045	0.034	0.029	0.024	0.021	0.021	0.021	0.019	0.016	0.017	0.017	0.015	0.014	0.013	0.013	0.013	0.014	0.013	0.013	0.011	0.010	0.011	0.010	0.009	0.008	0.009	0.008	0.009	0.011	0.010
378.0	0.208	0.225	0.212	0.225	0.219	0.222	0.220	0.213	0.215	0.393	1.096	1.977	2.557	2.802	2.942	2.946	2.763	2.486	2.238	2.036	1.834	1.670	1.537	1.419	1.351	1.256	1.168	1.125	1.471	1.974	1.739	1.009	0.616	0.495	0.495	0.572	0.643	0.703	0.778	1.404	8.225	38.07	74.27	64.58	23.85	3.306	0.122	0.055	0.040	0.034	0.030	0.023	0.022	0.022	0.019	0.017	0.016	0.016	0.014	0.015	0.014	0.015	0.012	0.013	0.014	0.012	0.011	0.009	0.010	0.010	0.007	0.009	0.008	0.008	0.009	0.011	0.010
381.0	0.196	0.192	0.183	0.196	0.188	0.197	0.190	0.178	0.184	0.343	0.987	1.812	2.403	2.645	2.771	2.797	2.618	2.343	2.097	1.925	1.730	1.579	1.461	1.360	1.279	1.199	1.115	1.020	1.043	1.410	1.863	1.506	0.847	0.535	0.462	0.478	0.547	0.594	0.669	0.722	1.301	7.641	33.73	70.22	62.23	23.81	2.814	0.123	0.051	0.038	0.033	0.029	0.025	0.023	0.019	0.018	0.017	0.016	0.015	0.013	0.015	0.015	0.012	0.012	0.013	0.013	0.013	0.010	0.010	0.011	0.009	0.008	0.008	0.008	0.009	0.011	0.011
384.0	0.181	0.172	0.156	0.176	0.172	0.169	0.168	0.159	0.165	0.300	0.886	1.688	2.288	2.506	2.622	2.648	2.476	2.206	1.984	1.807	1.633	1.497	1.392	1.298	1.228	1.143	1.079	0.981	0.902	0.976	1.440	1.735	1.285	0.699	0.492	0.439	0.461	0.516	0.572	0.630	0.669	1.223	6.955	33.33	65.87	59.12	21.31	3.169	0.120	0.050	0.043	0.034	0.029	0.026	0.021	0.018	0.018	0.018	0.016	0.014	0.016	0.014	0.011	0.013	0.012	0.012	0.012	0.012	0.012	0.012	0.010	0.009	0.008	0.008	0.009	0.011	0.010
387.0	0.168	0.154	0.149	0.160	0.156	0.148	0.149	0.146	0.149	0.262	0.810	1.575	2.136	2.381	2.502	2.492	2.349	2.097	1.882	1.712	1.561	1.435	1.315	1.243	1.175	1.091	1.035	0.954	0.874	0.809	0.944	1.415	1.596	1.065	0.606	0.449	0.411	0.442	0.505	0.543	0.598	0.632	1.113	6.933	31.03	62.87	55.11	21.67	2.717	0.112	0.053	0.043	0.034	0.029	0.024	0.020	0.019	0.019	0.016	0.015	0.016	0.015	0.012	0.013	0.012	0.013	0.012	0.011	0.012	0.011	0.010	0.008	0.008	0.008	0.009	0.011	0.009
390.0	0.146	0.140	0.139	0.147	0.138	0.136	0.132	0.135	0.134	0.238	0.752	1.468	2.011	2.246	2.366	2.355	2.227	1.979	1.772	1.611	1.474	1.363	1.256	1.170	1.113	1.051	0.975	0.903	0.848	0.776	0.739	0.932	1.406	1.455	0.927	0.524	0.424	0.400	0.443	0.491	0.534	0.587	0.598	1.105	6.213	28.58	60.17	55.22	20.63	2.827	0.132	0.058	0.042	0.034	0.027	0.024	0.019	0.019	0.018	0.016	0.017	0.015	0.014	0.013	0.012	0.012	0.011	0.012	0.012	0.012	0.011	0.009	0.009	0.008	0.009	0.011	0.009
393.0	0.145	0.138	0.122	0.135	0.126	0.129	0.124	0.131	0.125	0.229	0.688	1.364	1.910	2.129	2.252	2.260	2.089	1.882	1.684	1.531	1.402	1.295	1.209	1.130	1.072	1.006	0.938	0.880	0.818	0.765	0.705	0.707	0.973	1.432	1.332	0.793	0.505	0.430	0.418	0.464	0.513	0.556	0.600	0.603	1.048	6.095	29.79	58.36	51.42	19.53	2.784	0.134	0.063	0.044	0.033	0.026	0.022	0.022	0.018	0.018	0.016	0.015	0.014	0.013	0.012	0.013	0.012	0.011	0.012	0.012	0.011	0.008	0.008	0.008	0.010	0.010	0.010
396.0	0.132	0.131	0.120	0.129	0.110	0.118	0.115	0.119	0.117	0.211	0.637	1.290	1.796	2.022	2.123	2.127	1.990	1.799	1.609	1.463	1.335	1.243	1.160	1.094	1.041	0.985	0.924	0.884	0.829	0.780	0.732	0.698	0.736	1.085	1.473	1.258	0.757	0.546	0.490	0.496	0.549	0.591	0.625	0.649	0.644	1.072	6.338	27.21	56.23	50.23	19.80	2.606	0.139	0.063	0.042	0.032	0.026	0.024	0.018	0.019	0.017	0.017	0.015	0.013	0.013	0.013	0.011	0.011	0.013	0.012	0.010	0.009	0.008	0.008	0.010	0.011	0.011
399.0	0.118	0.126	0.112	0.122	0.109	0.115	0.106	0.114	0.108	0.192	0.595	1.203	1.711	1.915	2.013	2.044	1.915	1.743	1.554	1.423	1.293	1.220	1.140	1.088	1.050	1.003	0.951	0.918	0.873	0.848	0.811	0.794	0.777	0.880	1.266	1.592	1.276	0.837	0.675	0.652	0.670	0.720	0.741	0.750	0.744	0.727	1.184	5.756	26.30	53.31	49.66	19.70	2.874	0.153	0.060	0.041	0.033	0.028	0.023	0.021	0.016	0.018	0.014	0.014	0.014	0.013	0.012	0.010	0.012	0.011	0.011	0.009	0.008	0.007	0.009	0.011	0.010
402.0	0.127	0.127	0.108	0.117	0.094	0.112	0.107	0.108	0.103	0.181	0.574	1.160	1.636	1.837	1.933	1.969	1.847	1.694	1.518	1.398	1.298	1.209	1.150	1.099	1.066	1.036	1.004	0.975	0.959	0.949	0.931	0.914	0.922	0.941	1.110	1.560	1.739	1.359	0.972	0.878	0.875	0.919	0.938	0.908	0.870	0.862	0.844	1.234	5.723	25.39	52.48	48.63	18.56	2.559	0.129	0.055	0.040	0.032	0.027	0.022	0.020	0.017	0.015	0.014	0.014	0.014	0.012	0.012	0.012	0.011	0.011	0.009	0.008	0.008	0.010	0.010	0.011
405.0	0.128	0.126	0.112	0.102	0.097	0.110	0.099	0.100	0.100	0.169	0.533	1.103	1.567	1.767	1.862	1.884	1.787	1.655	1.488	1.386	1.285	1.218	1.161	1.123	1.095	1.075	1.046	1.049	1.042	1.047	1.044	1.039	1.064	1.096	1.154	1.382	1.809	1.856	1.422	1.160	1.099	1.105	1.108	1.073	1.005	0.967	0.967	0.949	1.353	5.599	24.36	51.91	47.59	18.77	2.603	0.124	0.050	0.039	0.032	0.025	0.022	0.019	0.017	0.014	0.015	0.014	0.010	0.012	0.013	0.011	0.011	0.010	0.009	0.007	0.010	0.011	0.009
408.0	0.123	0.124	0.099	0.100	0.104	0.096	0.089	0.099	0.095	0.161	0.510	1.064	1.512	1.707	1.790	1.819	1.733	1.595	1.452	1.358	1.270	1.195	1.158	1.109	1.093	1.081	1.070	1.072	1.080	1.089	1.097	1.112	1.134	1.185	1.235	1.302	1.555	1.911	1.848	1.472	1.270	1.246	1.195	1.132	1.061	1.015	1.015	1.019	1.008	1.383	5.464	24.69	50.41	47.20	18.81	2.757	0.118	0.051	0.039	0.029	0.026	0.020	0.019	0.014	0.015	0.015	0.013	0.013	0.013	0.011	0.011	0.010	0.009	0.008	0.010	0.012	0.010
411.0	0.124	0.115	0.099	0.099	0.101	0.098	0.092	0.092	0.092	0.149	0.484	0.997	1.433	1.615	1.716	1.743	1.674	1.528	1.410	1.320	1.236	1.186	1.127	1.089	1.093	1.061	1.060	1.054	1.071	1.082	1.087	1.103	1.127	1.177	1.230	1.275	1.326	1.588	1.953	1.816	1.428	1.291	1.221	1.123	1.033	1.016	0.979	1.001	1.021	0.989	1.298	5.238	23.27	50.28	47.32	18.77	2.484	0.120	0.050	0.037	0.031	0.023	0.021	0.016	0.016	0.016	0.013	0.013	0.014	0.012	0.012	0.009	0.009	0.009	0.009	0.011	0.010
414.0	0.126	0.122	0.107	0.102	0.106	0.084	0.086	0.097	0.091	0.152	0.469	0.954	1.383	1.552	1.653	1.677	1.617	1.497	1.383	1.301	1.219	1.155	1.101	1.078	1.057	1.038	1.037	1.041	1.046	1.048	1.061	1.079	1.099	1.157	1.200	1.235	1.242	1.316	1.677	1.939	1.702	1.372	1.229	1.110	1.007	0.966	0.960	0.963	0.984	0.982	0.914	1.161	5.083	23.88	50.13	46.12	17.88	2.836	0.122	0.049	0.039	0.029	0.025	0.021	0.018	0.018	0.015	0.013	0.015	0.013	0.012	0.010	0.010	0.010	0.009	0.011	0.011
417.0	0.114	0.111	0.094	0.101	0.102	0.086	0.088	0.092	0.093	0.139	0.458	0.929	1.326	1.508	1.608	1.628	1.549	1.459	1.362	1.272	1.208	1.144	1.095	1.059	1.043	1.031	1.027	1.034	1.037	1.043	1.055	1.064	1.097	1.154	1.204	1.237	1.230	1.232	1.384	1.770	1.921	1.617	1.315	1.136	1.023	0.963	0.946	0.955	0.962	0.976	0.919	0.790	1.037	5.216	24.19	49.38	45.41	18.80	2.618	0.111	0.048	0.038	0.030	0.025	0.022	0.020	0.015	0.014	0.015	0.014	0.011	0.012	0.010	0.010	0.010	0.011	0.011
420.0	0.105	0.108	0.092	0.099	0.100	0.088	0.095	0.089	0.093	0.145	0.439	0.878	1.270	1.440	1.523	1.557	1.509	1.411	1.319	1.256	1.187	1.135	1.098	1.052	1.047	1.035	1.032	1.039	1.047	1.070	1.078	1.098	1.137	1.180	1.239	1.281	1.286	1.271	1.302	1.499	1.885	1.940	1.580	1.251	1.088	1.017	0.973	0.985	0.998	0.981	0.949	0.827	0.684	0.963	4.925	22.53	48.57	46.96	19.25	2.692	0.123	0.050	0.038	0.031	0.026	0.022	0.018	0.015	0.016	0.015	0.012	0.011	0.009	0.011	0.011	0.011	0.011
423.0	0.115	0.117	0.094	0.103	0.090	0.093	0.093	0.090	0.089	0.139	0.430	0.855	1.226	1.406	1.479	1.526	1.464	1.386	1.305	1.251	1.177	1.149	1.091	1.081	1.065	1.066	1.062	1.075	1.098	1.125	1.145	1.170	1.208	1.264	1.342	1.377	1.402	1.389	1.389	1.464	1.716	2.078	1.979	1.522	1.242	1.119	1.056	1.051	1.074	1.059	0.990	0.889	0.738	0.601	0.903	4.807	22.85	47.68	46.15	18.60	2.847	0.125	0.049	0.038	0.029	0.026	0.021	0.019	0.018	0.017	0.012	0.011	0.010	0.012	0.011	0.011	0.010
426.0	0.113	0.118	0.098	0.105	0.088	0.093	0.096	0.091	0.086	0.139	0.404	0.822	1.202	1.362	1.455	1.487	1.440	1.371	1.290	1.241	1.193	1.148	1.115	1.106	1.106	1.093	1.108	1.141	1.167	1.201	1.240	1.275	1.319	1.396	1.476	1.517	1.534	1.531	1.559	1.581	1.677	1.963	2.213	1.951	1.510	1.286	1.191	1.164	1.164	1.165	1.093	0.947	0.797	0.650	0.551	0.868	4.669	21.32	47.56	46.05	19.27	2.698	0.120	0.050	0.036	0.031	0.024	0.020	0.019	0.016	0.014	0.012	0.011	0.011	0.010	0.011	0.012
429.0	0.126	0.111	0.108	0.105	0.098	0.089	0.097	0.092	0.093	0.134	0.393	0.809	1.157	1.329	1.420	1.437	1.417	1.364	1.292	1.244	1.205	1.165	1.154	1.131	1.131	1.138	1.164	1.197	1.241	1.279	1.328	1.384	1.438	1.522	1.608	1.676	1.695	1.689	1.716	1.759	1.789	1.930	2.173	2.262	1.907	1.517	1.352	1.312	1.282	1.267	1.207	1.022	0.838	0.705	0.599	0.529	0.853	4.265	21.14	47.49	46.39	19.11	2.832	0.135	0.048	0.039	0.029	0.023	0.022	0.018	0.015	0.013	0.011	0.011	0.011	0.012	0.014
432.0	0.116	0.099	0.115	0.104	0.093	0.088	0.090	0.089	0.085	0.133	0.386	0.785	1.140	1.289	1.371	1.416	1.375	1.344	1.293	1.244	1.219	1.177	1.158	1.157	1.151	1.171	1.190	1.236	1.297	1.341	1.389	1.449	1.521	1.615	1.715	1.782	1.813	1.816	1.834	1.874	1.912	1.974	2.061	2.257	2.204	1.835	1.513	1.435	1.401	1.353	1.271	1.100	0.890	0.730	0.647	0.577	0.517	0.810	4.352	21.83	47.00	45.46	18.68	2.903	0.135	0.049	0.035	0.027	0.024	0.020	0.018	0.015	0.013	0.012	0.013	0.013	0.014
435.0	0.117	0.115	0.103	0.108	0.085	0.092	0.092	0.091	0.083	0.127	0.374	0.759	1.104	1.253	1.327	1.375	1.367	1.303	1.260	1.238	1.205	1.179	1.160	1.158	1.155	1.180	1.190	1.249	1.308	1.362	1.427	1.472	1.540	1.644	1.745	1.812	1.846	1.859	1.862	1.920	1.968	2.021	2.005	2.045	2.197	2.113	1.733	1.532	1.467	1.418	1.309	1.123	0.937	0.761	0.661	0.621	0.555	0.505	0.811	4.408	20.68	46.36	45.73	19.52	2.964	0.147	0.046	0.032	0.029	0.025	0.019	0.016	0.013	0.012	0.014	0.014	0.015
438.0	0.120	0.116	0.111	0.103	0.092	0.086	0.092	0.092	0.082	0.126	0.358	0.726	1.052	1.195	1.276	1.318	1.316	1.282	1.234	1.216	1.191	1.157	1.150	1.139	1.134	1.155	1.188	1.239	1.278	1.339	1.406	1.440	1.516	1.611	1.708	1.782	1.806	1.824	1.833	1.884	1.946	1.973	1.960	1.881	1.946	2.124	1.972	1.675	1.503	1.429	1.315	1.123	0.943	0.798	0.684	0.624	0.602	0.545	0.489	0.805	4.182	20.82	46.11	45.04	19.38	3.295	0.133	0.044	0.034	0.028	0.022	0.017	0.014	0.013	0.013	0.013	0.015
441.0	0.108	0.115	0.110	0.100	0.098	0.089	0.089	0.086	0.082	0.121	0.345	0.696	1.007	1.153	1.222	1.269	1.277	1.226	1.212	1.187	1.161	1.129	1.116	1.101	1.121	1.119	1.157	1.196	1.237	1.288	1.352	1.399	1.466	1.548	1.638	1.701	1.746	1.750	1.773	1.824	1.880	1.912	1.893	1.806	1.737	1.870	2.041	1.870	1.573	1.428	1.303	1.137	0.945	0.805	0.716	0.643	0.607	0.589	0.519	0.468	0.768	4.209	20.55	44.32	44.51	19.63	2.682	0.130	0.045	0.034	0.026	0.020	0.016	0.015	0.014	0.014	0.015
444.0	0.120	0.115	0.101	0.096	0.089	0.092	0.085	0.089	0.082	0.122	0.336	0.671	0.970	1.104	1.184	1.213	1.238	1.219	1.187	1.153	1.131	1.124	1.097	1.079	1.084	1.083	1.116	1.147	1.205	1.243	1.304	1.344	1.423	1.488	1.577	1.632	1.663	1.689	1.715	1.756	1.809	1.863	1.834	1.755	1.649	1.661	1.867	1.977	1.743	1.483	1.326	1.135	0.959	0.809	0.730	0.680	0.615	0.591	0.566	0.493	0.451	0.755	4.082	19.07	43.42	43.70	17.91	3.155	0.140	0.041	0.030	0.024	0.018	0.017	0.015	0.015	0.015
447.0	0.108	0.105	0.095	0.094	0.085	0.091	0.086	0.086	0.083	0.119	0.323	0.657	0.932	1.072	1.143	1.191	1.203	1.184	1.143	1.136	1.115	1.090	1.081	1.051	1.054	1.076	1.099	1.132	1.165	1.217	1.267	1.314	1.372	1.450	1.543	1.594	1.626	1.642	1.682	1.715	1.781	1.827	1.809	1.724	1.622	1.578	1.655	1.878	1.920	1.649	1.369	1.151	0.984	0.833	0.738	0.688	0.644	0.596	0.564	0.530	0.473	0.422	0.724	3.788	18.95	41.98	42.25	19.73	3.097	0.120	0.040	0.030	0.022	0.019	0.017	0.015	0.016
450.0	0.119	0.111	0.105	0.099	0.089	0.088	0.084	0.081	0.083	0.120	0.316	0.627	0.904	1.029	1.095	1.143	1.154	1.142	1.123	1.114	1.085	1.072	1.053	1.037	1.040	1.055	1.071	1.115	1.157	1.205	1.250	1.296	1.365	1.426	1.512	1.576	1.600	1.616	1.655	1.700	1.756	1.799	1.789	1.710	1.631	1.569	1.538	1.655	1.873	1.834	1.503	1.199	1.005	0.858	0.754	0.695	0.652	0.608	0.554	0.525	0.501	0.436	0.396	0.663	3.623	17.80	41.89	42.88	18.52	2.605	0.123	0.039	0.026	0.022	0.020	0.018	0.018
453.0	0.120	0.119	0.108	0.101	0.094	0.089	0.087	0.084	0.080	0.117	0.305	0.614	0.869	1.000	1.075	1.124	1.118	1.102	1.102	1.095	1.089	1.064	1.037	1.031	1.034	1.043	1.069	1.110	1.147	1.197	1.246	1.296	1.365	1.420	1.511	1.581	1.611	1.625	1.665	1.709	1.757	1.805	1.808	1.733	1.640	1.581	1.529	1.547	1.706	1.882	1.716	1.323	1.042	0.891	0.777	0.703	0.654	0.626	0.570	0.517	0.500	0.467	0.399	0.370	0.631	3.469	17.78	38.76	40.29	17.10	2.827	0.113	0.035	0.027	0.023	0.021	0.019
456.0	0.130	0.119	0.106	0.104	0.098	0.093	0.091	0.087	0.079	0.118	0.301	0.598	0.868	0.992	1.055	1.096	1.107	1.110	1.102	1.082	1.076	1.062	1.046	1.030	1.024	1.039	1.068	1.111	1.155	1.206	1.246	1.303	1.373	1.435	1.519	1.592	1.624	1.647	1.678	1.724	1.771	1.819	1.817	1.745	1.654	1.605	1.547	1.538	1.569	1.738	1.831	1.525	1.147	0.929	0.806	0.721	0.657	0.622	0.584	0.529	0.483	0.461	0.429	0.374	0.340	0.603	3.359	15.74	38.27	38.83	16.94	2.466	0.108	0.037	0.027	0.025	0.023
459.0	0.118	0.122	0.112	0.105	0.102	0.092	0.098	0.094	0.081	0.114	0.292	0.594	0.852	0.964	1.028	1.056	1.100	1.097	1.069	1.066	1.072	1.062	1.038	1.024	1.018	1.038	1.063	1.102	1.155	1.206	1.261	1.311	1.375	1.442	1.525	1.599	1.635	1.645	1.687	1.738	1.782	1.838	1.825	1.756	1.673	1.613	1.563	1.542	1.533	1.579	1.716	1.684	1.326	0.995	0.829	0.744	0.676	0.612	0.573	0.542	0.487	0.441	0.426	0.407	0.350	0.322	0.573	2.858	15.61	37.17	38.27	16.52	2.524	0.130	0.039	0.030	0.025
462.0	0.136	0.118	0.109	0.108	0.101	0.094	0.099	0.088	0.086	0.115	0.295	0.579	0.813	0.934	1.016	1.039	1.077	1.072	1.057	1.071	1.053	1.040	1.029	1.015	1.012	1.024	1.053	1.101	1.147	1.190	1.249	1.286	1.358	1.445	1.518	1.600	1.625	1.647	1.677	1.726	1.780	1.823	1.822	1.772	1.677	1.609	1.563	1.549	1.519	1.502	1.530	1.617	1.485	1.130	0.883	0.763	0.686	0.626	0.569	0.531	0.497	0.444	0.413	0.407	0.378	0.325	0.299	0.511	2.908	15.51	35.98	36.46	15.56	3.069	0.151	0.043	0.031
465.0	0.138	0.112	0.114	0.106	0.102	0.097	0.099	0.093	0.087	0.113	0.290	0.566	0.792	0.920	0.983	1.025	1.043	1.049	1.056	1.054	1.045	1.028	1.014	0.996	0.996	1.018	1.044	1.097	1.136	1.179	1.226	1.287	1.345	1.419	1.506	1.564	1.597	1.629	1.658	1.697	1.742	1.781	1.797	1.733	1.656	1.587	1.553	1.533	1.516	1.468	1.414	1.431	1.478	1.312	0.980	0.795	0.698	0.628	0.569	0.518	0.489	0.452	0.404	0.378	0.374	0.359	0.304	0.283	0.504	2.857	14.38	34.14	35.81	17.99	3.030	0.158	0.040
468.0	0.139	0.111	0.118	0.120	0.114	0.097	0.097	0.092	0.087	0.117	0.286	0.556	0.776	0.891	0.944	0.989	1.014	1.029	1.027	1.030	1.016	1.011	0.988	0.981	0.976	0.985	1.003	1.051	1.097	1.144	1.188	1.239	1.303	1.364	1.435	1.493	1.533	1.563	1.593	1.631	1.694	1.722	1.718	1.661	1.603	1.551	1.511	1.486	1.471	1.431	1.359	1.272	1.301	1.356	1.148	0.870	0.715	0.631	0.571	0.514	0.474	0.440	0.414	0.365	0.349	0.352	0.330	0.286	0.271	0.491	2.557	13.85	32.95	35.52	17.33	3.558	0.156
471.0	0.135	0.114	0.123	0.122	0.115	0.103	0.103	0.094	0.090	0.116	0.277	0.543	0.766	0.872	0.921	0.961	0.987	1.011	0.993	1.002	0.986	0.973	0.962	0.946	0.939	0.958	0.980	1.015	1.052	1.091	1.140	1.192	1.245	1.308	1.373	1.431	1.470	1.491	1.537	1.561	1.607	1.652	1.646	1.602	1.535	1.495	1.461	1.437	1.414	1.379	1.308	1.197	1.132	1.215	1.240	1.008	0.763	0.644	0.571	0.512	0.464	0.419	0.399	0.370	0.343	0.330	0.336	0.313	0.261	0.260	0.449	2.631	13.12	30.10	34.93	17.77	2.765
474.0	0.139	0.130	0.129	0.118	0.108	0.103	0.094	0.093	0.086	0.115	0.272	0.514	0.730	0.839	0.890	0.938	0.973	0.959	0.969	0.974	0.946	0.949	0.925	0.917	0.915	0.928	0.945	0.979	1.015	1.052	1.100	1.142	1.189	1.248	1.307	1.370	1.395	1.416	1.447	1.489	1.526	1.564	1.572	1.530	1.465	1.434	1.395	1.366	1.356	1.326	1.256	1.152	1.044	1.023	1.130	1.136	0.882	0.684	0.578	0.512	0.458	0.412	0.382	0.361	0.342	0.315	0.307	0.310	0.291	0.251	0.238	0.451	2.239	11.07	29.60	33.82	15.75
477.0	0.135	0.130	0.136	0.116	0.107	0.097	0.100	0.093	0.090	0.123	0.270	0.507	0.722	0.816	0.873	0.916	0.940	0.944	0.929	0.948	0.941	0.915	0.905	0.890	0.887	0.909	0.920	0.943	0.982	1.014	1.066	1.102	1.138	1.204	1.263	1.304	1.340	1.369	1.383	1.437	1.471	1.503	1.508	1.461	1.412	1.383	1.350	1.326	1.314	1.283	1.227	1.119	1.013	0.919	0.951	1.096	1.018	0.783	0.597	0.514	0.460	0.408	0.374	0.341	0.339	0.323	0.294	0.291	0.303	0.276	0.235	0.231	0.402	1.975	10.87	27.70	32.39
480.0	0.134	0.125	0.135	0.111	0.107	0.103	0.093	0.092	0.091	0.118	0.263	0.492	0.697	0.784	0.847	0.876	0.889	0.919	0.896	0.913	0.900	0.889	0.876	0.860	0.860	0.862	0.879	0.906	0.950	0.970	1.016	1.046	1.080	1.141	1.199	1.240	1.265	1.296	1.332	1.367	1.399	1.423	1.428	1.401	1.350	1.311	1.283	1.272	1.253	1.223	1.166	1.068	0.976	0.879	0.838	0.907	1.035	0.921	0.671	0.523	0.455	0.401	0.366	0.327	0.315	0.313	0.293	0.271	0.280	0.287	0.255	0.223	0.213	0.364	1.821	9.966	28.50
483.0	0.141	0.120	0.137	0.117	0.102	0.104	0.101	0.091	0.091	0.117	0.256	0.467	0.675	0.755	0.798	0.832	0.857	0.874	0.871	0.881	0.871	0.848	0.843	0.822	0.824	0.817	0.842	0.868	0.906	0.935	0.960	0.992	1.042	1.085	1.144	1.174	1.212	1.224	1.256	1.294	1.318	1.354	1.348	1.333	1.291	1.257	1.242	1.220	1.204	1.168	1.128	1.033	0.927	0.848	0.771	0.768	0.871	0.960	0.798	0.568	0.463	0.398	0.357	0.323	0.302	0.297	0.291	0.275	0.259	0.264	0.269	0.243	0.205	0.201	0.346	1.728	10.58
486.0	0.134	0.110	0.136	0.116	0.114	0.106	0.105	0.095	0.093	0.117	0.248	0.451	0.641	0.732	0.775	0.800	0.826	0.841	0.847	0.843	0.841	0.821	0.809	0.799	0.791	0.794	0.812	0.835	0.860	0.900	0.933	0.966	1.004	1.045	1.084	1.132	1.160	1.179	1.199	1.240	1.257	1.302	1.298	1.267	1.232	1.198	1.186	1.172	1.158	1.126	1.086	0.986	0.900	0.813	0.742	0.699	0.714	0.830	0.878	0.683	0.488	0.398	0.346	0.318	0.294	0.279	0.273	0.272	0.260	0.243	0.246	0.252	0.225	0.196	0.198	0.332	1.820
489.0	0.151	0.129	0.144	0.113	0.109	0.102	0.112	0.091	0.090	0.111	0.246	0.437	0.612	0.702	0.743	0.772	0.796	0.808	0.812	0.816	0.813	0.800	0.776	0.767	0.757	0.760	0.783	0.805	0.824	0.857	0.884	0.923	0.961	0.994	1.042	1.080	1.108	1.123	1.140	1.180	1.211	1.235	1.233	1.201	1.176	1.154	1.136	1.116	1.099	1.081	1.033	0.948	0.863	0.785	0.711	0.662	0.629	0.664	0.801	0.796	0.582	0.413	0.346	0.314	0.290	0.267	0.256	0.252	0.257	0.238	0.228	0.238	0.240	0.220	0.193	0.197	0.341
492.0	0.143	0.126	0.136	0.118	0.108	0.097	0.104	0.091	0.081	0.116	0.236	0.434	0.590	0.669	0.712	0.740	0.757	0.775	0.792	0.783	0.780	0.768	0.753	0.736	0.726	0.736	0.745	0.766	0.795	0.821	0.848	0.882	0.908	0.954	0.988	1.036	1.058	1.075	1.085	1.115	1.149	1.173	1.164	1.167	1.120	1.096	1.067	1.073	1.036	1.016	0.973	0.910	0.824	0.744	0.688	0.632	0.584	0.570	0.643	0.766	0.700	0.491	0.354	0.305	0.281	0.262	0.244	0.237	0.246	0.244	0.223	0.217	0.228	0.226	0.211	0.184	0.188
495.0	0.158	0.141	0.129	0.112	0.114	0.093	0.104	0.096	0.095	0.110	0.229	0.418	0.582	0.649	0.678	0.715	0.729	0.739	0.757	0.753	0.754	0.741	0.710	0.705	0.707	0.698	0.715	0.740	0.771	0.799	0.808	0.833	0.870	0.907	0.947	0.976	0.993	1.023	1.032	1.073	1.094	1.116	1.117	1.105	1.072	1.031	1.015	1.004	1.003	0.963	0.923	0.861	0.783	0.719	0.657	0.608	0.568	0.526	0.525	0.623	0.730	0.609	0.405	0.314	0.276	0.256	0.238	0.228	0.229	0.230	0.229	0.214	0.205	0.218	0.220	0.205	0.179
498.0	0.169	0.146	0.124	0.112	0.107	0.101	0.109	0.095	0.098	0.113	0.233	0.404	0.553	0.628	0.666	0.689	0.709	0.711	0.736	0.728	0.729	0.704	0.691	0.680	0.679	0.674	0.693	0.705	0.735	0.754	0.780	0.805	0.832	0.871	0.893	0.940	0.958	0.977	0.990	1.018	1.037	1.049	1.053	1.041	1.010	0.988	0.970	0.962	0.950	0.922	0.881	0.820	0.754	0.686	0.631	0.581	0.543	0.503	0.470	0.486	0.610	0.677	0.522	0.351	0.278	0.253	0.237	0.221	0.217	0.219	0.221	0.218	0.202	0.195	0.214	0.215	0.194
501.0	0.184	0.130	0.126	0.120	0.117	0.105	0.113	0.096	0.103	0.114	0.221	0.398	0.533	0.601	0.642	0.665	0.684	0.700	0.698	0.700	0.695	0.681	0.673	0.660	0.660	0.655	0.672	0.681	0.704	0.720	0.739	0.765	0.799	0.829	0.853	0.891	0.904	0.925	0.940	0.959	0.989	1.004	1.004	0.985	0.958	0.936	0.925	0.915	0.893	0.889	0.834	0.777	0.718	0.655	0.607	0.563	0.521	0.483	0.443	0.421	0.465	0.595	0.616	0.448	0.308	0.255	0.232	0.222	0.211	0.209	0.206	0.211	0.204	0.189	0.196	0.210	0.209
504.0	0.189	0.140	0.135	0.119	0.120	0.112	0.106	0.099	0.103	0.116	0.218	0.381	0.521	0.587	0.618	0.637	0.664	0.674	0.674	0.683	0.675	0.660	0.656	0.636	0.629	0.633	0.641	0.660	0.676	0.692	0.704	0.732	0.766	0.790	0.815	0.843	0.861	0.865	0.893	0.908	0.931	0.949	0.943	0.934	0.904	0.889	0.866	0.864	0.853	0.827	0.792	0.741	0.686	0.628	0.577	0.540	0.501	0.463	0.431	0.395	0.384	0.450	0.580	0.567	0.381	0.268	0.228	0.220	0.211	0.202	0.201	0.200	0.205	0.191	0.187	0.192	0.206
507.0	0.170	0.158	0.133	0.131	0.111	0.113	0.109	0.104	0.102	0.118	0.216	0.371	0.498	0.564	0.611	0.619	0.638	0.650	0.657	0.652	0.648	0.642	0.627	0.616	0.606	0.610	0.619	0.631	0.652	0.653	0.669	0.697	0.724	0.745	0.771	0.797	0.820	0.819	0.845	0.860	0.867	0.895	0.895	0.886	0.862	0.844	0.828	0.822	0.805	0.789	0.752	0.704	0.656	0.600	0.551	0.527	0.482	0.453	0.415	0.384	0.350	0.358	0.446	0.569	0.503	0.339	0.241	0.220	0.208	0.196	0.196	0.188	0.191	0.190	0.189	0.183	0.189
510.0	0.161	0.171	0.140	0.135	0.121	0.114	0.114	0.108	0.105	0.112	0.211	0.362	0.480	0.545	0.575	0.600	0.614	0.634	0.639	0.619	0.615	0.616	0.614	0.598	0.583	0.586	0.585	0.583	0.622	0.633	0.643	0.662	0.693	0.710	0.734	0.749	0.773	0.769	0.797	0.807	0.826	0.839	0.840	0.835	0.812	0.805	0.786	0.769	0.757	0.743	0.720	0.666	0.631	0.572	0.537	0.489	0.456	0.423	0.392	0.373	0.341	0.319	0.341	0.448	0.552	0.452	0.282	0.224	0.205	0.194	0.187	0.185	0.177	0.183	0.191	0.187	0.176
513.0	0.157	0.162	0.144	0.142	0.118	0.111	0.110	0.108	0.107	0.118	0.205	0.357	0.466	0.528	0.545	0.583	0.595	0.610	0.611	0.602	0.607	0.592	0.594	0.574	0.568	0.567	0.565	0.581	0.594	0.601	0.615	0.632	0.652	0.669	0.702	0.710	0.725	0.733	0.754	0.761	0.784	0.796	0.795	0.783	0.769	0.758	0.745	0.732	0.712	0.705	0.675	0.634	0.586	0.550	0.509	0.478	0.444	0.412	0.386	0.360	0.330	0.301	0.291	0.331	0.463	0.519	0.378	0.255	0.209	0.191	0.183	0.181	0.178	0.174	0.183	0.190	0.180
516.0	0.164	0.163	0.157	0.153	0.131	0.122	0.110	0.114	0.109	0.127	0.212	0.336	0.464	0.506	0.532	0.557	0.577	0.590	0.593	0.582	0.582	0.566	0.567	0.555	0.551	0.548	0.544	0.562	0.567	0.582	0.592	0.601	0.626	0.646	0.666	0.680	0.692	0.701	0.713	0.724	0.744	0.744	0.752	0.731	0.732	0.722	0.706	0.695	0.680	0.674	0.647	0.601	0.560	0.525	0.487	0.455	0.428	0.404	0.369	0.346	0.321	0.296	0.271	0.262	0.339	0.470	0.470	0.337	0.232	0.196	0.181	0.176	0.172	0.167	0.175	0.177	0.182
519.0	0.169	0.158	0.158	0.155	0.153	0.121	0.105	0.112	0.118	0.122	0.216	0.342	0.429	0.506	0.520	0.544	0.548	0.560	0.563	0.565	0.556	0.553	0.545	0.533	0.521	0.531	0.527	0.540	0.549	0.553	0.557	0.577	0.604	0.614	0.629	0.651	0.656	0.664	0.681	0.682	0.707	0.707	0.705	0.704	0.694	0.678	0.669	0.662	0.638	0.634	0.608	0.567	0.537	0.494	0.465	0.434	0.413	0.381	0.351	0.331	0.310	0.286	0.270	0.246	0.255	0.355	0.477	0.434	0.295	0.207	0.182	0.175	0.168	0.165	0.168	0.170	0.174
522.0	0.174	0.161	0.132	0.157	0.158	0.133	0.103	0.120	0.114	0.133	0.204	0.331	0.419	0.483	0.502	0.525	0.540	0.537	0.540	0.554	0.550	0.524	0.529	0.512	0.517	0.510	0.511	0.515	0.522	0.531	0.551	0.555	0.579	0.590	0.600	0.614	0.624	0.629	0.648	0.655	0.663	0.677	0.667	0.670	0.654	0.641	0.634	0.625	0.609	0.597	0.576	0.548	0.510	0.475	0.441	0.417	0.382	0.364	0.341	0.318	0.296	0.272	0.258	0.245	0.230	0.256	0.372	0.468	0.389	0.250	0.185	0.171	0.164	0.162	0.165	0.163	0.167
525.0	0.170	0.147	0.127	0.146	0.166	0.132	0.117	0.119	0.116	0.131	0.218	0.332	0.418	0.474	0.498	0.517	0.521	0.536	0.534	0.534	0.532	0.521	0.512	0.498	0.501	0.491	0.495	0.508	0.512	0.517	0.528	0.542	0.544	0.562	0.574	0.580	0.589	0.604	0.615	0.626	0.635	0.637	0.637	0.634	0.616	0.610	0.599	0.591	0.577	0.579	0.543	0.527	0.484	0.456	0.428	0.402	0.372	0.345	0.331	0.304	0.283	0.264	0.246	0.233	0.227	0.220	0.269	0.378	0.450	0.341	0.215	0.175	0.169	0.164	0.162	0.162	0.166
528.0	0.163	0.143	0.150	0.147	0.163	0.146	0.141	0.124	0.122	0.127	0.210	0.321	0.409	0.457	0.484	0.505	0.508	0.525	0.512	0.520	0.509	0.499	0.502	0.485	0.484	0.475	0.476	0.480	0.495	0.493	0.506	0.517	0.528	0.541	0.554	0.565	0.568	0.577	0.578	0.589	0.600	0.597	0.602	0.600	0.586	0.576	0.562	0.555	0.555	0.543	0.510	0.491	0.470	0.429	0.406	0.381	0.362	0.338	0.311	0.294	0.275	0.252	0.242	0.230	0.216	0.214	0.213	0.269	0.403	0.417	0.285	0.194	0.170	0.164	0.159	0.156	0.154
531.0	0.193	0.156	0.165	0.151	0.165	0.144	0.141	0.128	0.129	0.130	0.223	0.310	0.401	0.448	0.473	0.492	0.500	0.508	0.502	0.502	0.479	0.487	0.487	0.467	0.465	0.468	0.464	0.481	0.479	0.483	0.478	0.508	0.509	0.516	0.526	0.548	0.544	0.550	0.554	0.561	0.574	0.578	0.574	0.569	0.565	0.557	0.541	0.535	0.523	0.512	0.496	0.474	0.448	0.412	0.389	0.373	0.352	0.329	0.300	0.284	0.264	0.245	0.235	0.221	0.210	0.207	0.198	0.210	0.292	0.407	0.377	0.251	0.179	0.158	0.159	0.151	0.154
534.0	0.206	0.180	0.166	0.169	0.152	0.150	0.157	0.132	0.140	0.136	0.225	0.303	0.390	0.432	0.461	0.475	0.490	0.498	0.493	0.494	0.487	0.467	0.476	0.457	0.462	0.454	0.455	0.460	0.464	0.465	0.467	0.470	0.488	0.495	0.504	0.523	0.523	0.525	0.534	0.537	0.548	0.552	0.554	0.539	0.534	0.531	0.523	0.513	0.492	0.487	0.475	0.455	0.428	0.397	0.372	0.358	0.337	0.315	0.293	0.277	0.258	0.241	0.229	0.223	0.206	0.197	0.193	0.188	0.217	0.311	0.402	0.333	0.220	0.166	0.158	0.153	0.153
537.0	0.215	0.177	0.183	0.173	0.152	0.151	0.157	0.143	0.140	0.151	0.219	0.311	0.398	0.439	0.447	0.453	0.470	0.474	0.479	0.476	0.476	0.457	0.457	0.439	0.443	0.437	0.434	0.449	0.440	0.442	0.452	0.464	0.473	0.479	0.492	0.503	0.501	0.504	0.505	0.517	0.524	0.514	0.527	0.514	0.510	0.508	0.494	0.490	0.471	0.468	0.456	0.429	0.403	0.381	0.358	0.338	0.323	0.301	0.281	0.267	0.249	0.235	0.220	0.207	0.198	0.196	0.190	0.183	0.191	0.218	0.322	0.386	0.300	0.199	0.160	0.155	0.148
540.0	0.236	0.184	0.184	0.187	0.158	0.160	0.178	0.163	0.142	0.153	0.223	0.317	0.377	0.419	0.439	0.446	0.463	0.467	0.454	0.449	0.452	0.449	0.447	0.435	0.424	0.434	0.428	0.425	0.427	0.430	0.434	0.442	0.455	0.458	0.467	0.484	0.486	0.488	0.495	0.497	0.505	0.499	0.507	0.502	0.482	0.473	0.467	0.466	0.456	0.443	0.433	0.409	0.389	0.361	0.343	0.318	0.308	0.294	0.269	0.258	0.238	0.227	0.214	0.198	0.198	0.191	0.181	0.178	0.177	0.184	0.229	0.340	0.356	0.270	0.181	0.158	0.147
543.0	0.222	0.207	0.190	0.191	0.178	0.167	0.186	0.162	0.156	0.162	0.224	0.312	0.388	0.418	0.435	0.446	0.446	0.454	0.454	0.448	0.443	0.430	0.423	0.419	0.405	0.410	0.409	0.402	0.411	0.420	0.420	0.421	0.439	0.440	0.449	0.446	0.460	0.461	0.463	0.472	0.472	0.481	0.476	0.459	0.453	0.458	0.438	0.442	0.432	0.415	0.410	0.388	0.372	0.350	0.327	0.305	0.286	0.279	0.261	0.243	0.237	0.220	0.211	0.198	0.193	0.182	0.181	0.172	0.173	0.169	0.173	0.243	0.347	0.340	0.239	0.169	0.148
546.0	0.226	0.209	0.200	0.191	0.192	0.163	0.181	0.179	0.167	0.183	0.238	0.311	0.379	0.402	0.404	0.435	0.442	0.439	0.441	0.435	0.428	0.423	0.409	0.406	0.401	0.404	0.390	0.391	0.390	0.406	0.404	0.408	0.411	0.418	0.426	0.421	0.434	0.440	0.442	0.439	0.459	0.451	0.456	0.439	0.433	0.439	0.423	0.417	0.412	0.400	0.385	0.376	0.353	0.328	0.317	0.295	0.278	0.271	0.259	0.239	0.226	0.212	0.202	0.189	0.191	0.181	0.174	0.173	0.168	0.162	0.158	0.179	0.262	0.338	0.313	0.216	0.156
549.0	0.253	0.230	0.201	0.214	0.209	0.178	0.203	0.192	0.182	0.189	0.234	0.320	0.364	0.392	0.403	0.418	0.426	0.435	0.430	0.426	0.418	0.409	0.407	0.397	0.396	0.384	0.391	0.388	0.389	0.389	0.375	0.398	0.393	0.401	0.410	0.407	0.415	0.420	0.422	0.419	0.425	0.423	0.425	0.420	0.409	0.409	0.402	0.398	0.391	0.382	0.365	0.346	0.336	0.313	0.301	0.280	0.274	0.256	0.244	0.226	0.224	0.205	0.201	0.188	0.179	0.173	0.172	0.162	0.162	0.159	0.154	0.160	0.183	0.263	0.344	0.286	0.187
552.0	0.285	0.232	0.213	0.236	0.217	0.182	0.212	0.206	0.198	0.196	0.260	0.337	0.378	0.395	0.401	0.416	0.414	0.416	0.413	0.418	0.413	0.394	0.402	0.384	0.388	0.369	0.377	0.375	0.369	0.368	0.364	0.373	0.384	0.377	0.381	0.390	0.390	0.401	0.402	0.406	0.399	0.410	0.405	0.392	0.393	0.385	0.381	0.372	0.363	0.363	0.351	0.332	0.316	0.305	0.288	0.275	0.260	0.243	0.229	0.219	0.213	0.199	0.189	0.186	0.171	0.173	0.164	0.161	0.161	0.153	0.148	0.148	0.151	0.190	0.286	0.325	0.245
555.0	0.320	0.256	0.261	0.246	0.250	0.231	0.228	0.224	0.235	0.248	0.337	0.411	0.407	0.400	0.382	0.403	0.419	0.405	0.396	0.415	0.396	0.388	0.391	0.372	0.370	0.373	0.360	0.366	0.361	0.364	0.348	0.360	0.368	0.374	0.373	0.378	0.377	0.383	0.384	0.374	0.387	0.387	0.385	0.382	0.366	0.369	0.364	0.362	0.356	0.341	0.329	0.318	0.307	0.294	0.270	0.266	0.247	0.237	0.222	0.213	0.208	0.195	0.187	0.176	0.169	0.169	0.158	0.158	0.153	0.149	0.146	0.146	0.143	0.152	0.212	0.308	0.305
558.0	0.454	0.396	0.407	0.388	0.391	0.341	0.386	0.368	0.397	0.714	1.136	0.974	0.601	0.455	0.407	0.392	0.400	0.408	0.390	0.401	0.394	0.375	0.384	0.364	0.372	0.357	0.357	0.355	0.351	0.339	0.340	0.360	0.360	0.353	0.354	0.365	0.361	0.376	0.373	0.368	0.372	0.369	0.365	0.362	0.361	0.351	0.340	0.344	0.335	0.321	0.317	0.307	0.291	0.281	0.266	0.253	0.246	0.233	0.219	0.203	0.198	0.190	0.178	0.174	0.165	0.167	0.157	0.158	0.157	0.152	0.143	0.136	0.137	0.138	0.161	0.232	0.315
561.0	1.041	0.960	0.990	1.035	0.980	0.979	1.008	1.064	1.224	2.941	5.805	4.327	1.588	0.654	0.446	0.413	0.398	0.409	0.384	0.395	0.382	0.359	0.372	0.355	0.363	0.359	0.348	0.346	0.336	0.340	0.344	0.343	0.345	0.348	0.357	0.347	0.355	0.359	0.364	0.355	0.355	0.350	0.354	0.347	0.338	0.332	0.328	0.338	0.323	0.312	0.304	0.298	0.286	0.275	0.245	0.242	0.232	0.229	0.209	0.198	0.201	0.188	0.183	0.168	0.160	0.163	0.155	0.157	0.159	0.150	0.143	0.136	0.138	0.140	0.142	0.171	0.264
564.0	2.364	2.393	2.490	2.548	2.515	2.552	2.586	2.741	3.255	7.027	19.46	16.84	5.143	1.186	0.566	0.428	0.401	0.413	0.380	0.387	0.379	0.369	0.367	0.355	0.365	0.346	0.335	0.336	0.334	0.335	0.334	0.339	0.333	0.332	0.349	0.335	0.333	0.339	0.340	0.341	0.349	0.338	0.330	0.336	0.334	0.333	0.317	0.309	0.313	0.302	0.289	0.285	0.267	0.263	0.247	0.240	0.227	0.220	0.213	0.195	0.196	0.186	0.180	0.172	0.167	0.172	0.158	0.159	0.161	0.156	0.154	0.143	0.143	0.146	0.143	0.162	0.201
567.0	4.418	4.437	4.572	4.694	4.707	4.724	4.803	5.165	6.138	11.33	37.34	45.35	16.75	2.662	0.740	0.473	0.426	0.420	0.393	0.402	0.386	0.366	0.371	0.345	0.357	0.341	0.336	0.349	0.322	0.325	0.321	0.342	0.339	0.330	0.333	0.329	0.328	0.330	0.330	0.334	0.326	0.333	0.326	0.323	0.313	0.322	0.307	0.297	0.296	0.295	0.275	0.274	0.263	0.255	0.235	0.240	0.224	0.217	0.209	0.197	0.186	0.188	0.188	0.173	0.164	0.170	0.162	0.169	0.165	0.153	0.155	0.153	0.148	0.149	0.153	0.155	0.180
570.0	6.013	6.226	6.273	6.416	6.440	6.485	6.672	7.053	8.487	14.78	41.02	74.46	44.68	7.858	1.018	0.506	0.432	0.420	0.408	0.395	0.384	0.367	0.369	0.362	0.356	0.335	0.340	0.334	0.326	0.322	0.327	0.327	0.327	0.323	0.335	0.318	0.319	0.324	0.331	0.325	0.321	0.322	0.320	0.315	0.306	0.308	0.295	0.283	0.280	0.281	0.270	0.269	0.260	0.253	0.235	0.231	0.218	0.209	0.202	0.196	0.192	0.182	0.182	0.179	0.170	0.169	0.162	0.167	0.166	0.168	0.159	0.155	0.150	0.148	0.157	0.165	0.176
573.0	6.938	7.083	7.383	7.446	7.419	7.587	7.651	8.145	9.726	17.23	34.46	78.74	85.00	25.70	2.716	0.560	0.469	0.420	0.405	0.399	0.392	0.353	0.361	0.366	0.363	0.342	0.325	0.343	0.331	0.332	0.314	0.321	0.325	0.318	0.329	0.309	0.314	0.316	0.322	0.310	0.306	0.307	0.308	0.295	0.297	0.297	0.296	0.275	0.280	0.276	0.264	0.263	0.253	0.245	0.235	0.225	0.214	0.208	0.198	0.200	0.190	0.181	0.177	0.179	0.176	0.162	0.169	0.163	0.168	0.168	0.159	0.160	0.159	0.154	0.159	0.170	0.177
576.0	7.293	7.572	7.707	7.874	7.967	8.119	8.166	8.670	10.41	18.81	33.03	55.36	106.7	64.00	10.99	0.766	0.494	0.434	0.421	0.398	0.390	0.363	0.381	0.347	0.360	0.338	0.313	0.337	0.328	0.319	0.312	0.318	0.314	0.313	0.312	0.308	0.298	0.310	0.295	0.306	0.310	0.295	0.286	0.299	0.294	0.283	0.279	0.269	0.273	0.273	0.266	0.257	0.249	0.235	0.213	0.214	0.204	0.212	0.204	0.203	0.201	0.178	0.177	0.183	0.172	0.171	0.170	0.163	0.171	0.172	0.164	0.156	0.156	0.158	0.165	0.175	0.184
579.0	7.624	7.864	7.973	8.173	8.287	8.377	8.416	8.915	10.91	19.83	34.36	35.78	91.87	108.2	35.95	2.463	0.528	0.473	0.422	0.417	0.400	0.374	0.379	0.365	0.372	0.354	0.316	0.338	0.333	0.325	0.321	0.327	0.315	0.304	0.317	0.307	0.312	0.311	0.306	0.292	0.303	0.284	0.283	0.289	0.284	0.274	0.278	0.267	0.267	0.267	0.254	0.259	0.245	0.229	0.224	0.199	0.201	0.200	0.192	0.201	0.195	0.185	0.180	0.176	0.168	0.176	0.176	0.179	0.175	0.169	0.161	0.160	0.159	0.158	0.162	0.170	0.174
582.0	7.724	7.882	8.057	8.377	8.411	8.463	8.575	9.058	11.02	20.33	35.37	31.22	50.52	123.2	83.80	11.38	0.802	0.490	0.449	0.429	0.405	0.372	0.382	0.376	0.368	0.358	0.324	0.340	0.318	0.315	0.306	0.321	0.310	0.312	0.304	0.306	0.291	0.297	0.297	0.293	0.297	0.282	0.278	0.284	0.273	0.281	0.266	0.266	0.265	0.257	0.247	0.241	0.236	0.225	0.219	0.197	0.207	0.195	0.192	0.198	0.192	0.182	0.184	0.170	0.175	0.174	0.174	0.172	0.180	0.168	0.167	0.152	0.157	0.156	0.170	0.173	0.176
585.0	7.562	7.763	7.918	8.270	8.355	8.394	8.559	8.913	10.90	20.27	35.92	30.82	21.59	95.57	128.6	39.07	3.138	0.558	0.476	0.431	0.433	0.384	0.382	0.394	0.358	0.338	0.339	0.337	0.310	0.314	0.316	0.335	0.307	0.298	0.298	0.306	0.293	0.301	0.297	0.297	0.285	0.283	0.276	0.281	0.269	0.271	0.271	0.265	0.263	0.243	0.246	0.242	0.234	0.221	0.202	0.205	0.204	0.195	0.198	0.188	0.188	0.184	0.175	0.177	0.177	0.164	0.171	0.176	0.178	0.169	0.165	0.159	0.162	0.155	0.165	0.182	0.177
588.0	7.240	7.528	7.740	8.012	8.144	8.166	8.228	8.662	10.56	19.82	34.97	30.41	13.98	44.94	135.8	92.61	14.80	0.887	0.518	0.460	0.440	0.395	0.405	0.388	0.356	0.343	0.332	0.327	0.315	0.317	0.318	0.322	0.297	0.306	0.286	0.315	0.292	0.298	0.290	0.296	0.282	0.280	0.276	0.266	0.267	0.269	0.245	0.259	0.248	0.254	0.241	0.247	0.233	0.224	0.207	0.202	0.213	0.193	0.191	0.192	0.187	0.178	0.188	0.174	0.172	0.168	0.169	0.168	0.173	0.168	0.163	0.152	0.163	0.151	0.165	0.167	0.185
591.0	6.941	7.138	7.309	7.683	7.798	7.846	8.025	8.324	10.01	19.33	33.87	29.59	12.90	13.05	96.39	144.6	50.14	3.847	0.577	0.470	0.452	0.384	0.397	0.369	0.369	0.358	0.342	0.332	0.304	0.312	0.319	0.301	0.302	0.294	0.310	0.297	0.295	0.295	0.291	0.285	0.291	0.270	0.275	0.268	0.251	0.260	0.257	0.251	0.250	0.237	0.242	0.239	0.229	0.224	0.208	0.209	0.200	0.196	0.176	0.198	0.188	0.186	0.185	0.179	0.165	0.167	0.170	0.169	0.173	0.164	0.157	0.150	0.151	0.147	0.160	0.176	0.185
594.0	6.768	6.750	7.122	7.420	7.633	7.803	7.818	8.170	9.723	18.93	33.15	28.51	12.82	5.548	40.81	153.7	109.5	17.66	0.929	0.519	0.477	0.399	0.401	0.399	0.389	0.351	0.334	0.346	0.312	0.324	0.302	0.310	0.317	0.303	0.290	0.291	0.302	0.292	0.277	0.291	0.282	0.265	0.273	0.256	0.260	0.259	0.257	0.254	0.246	0.247	0.238	0.230	0.228	0.218	0.212	0.207	0.194	0.196	0.185	0.190	0.172	0.180	0.175	0.167	0.160	0.176	0.171	0.169	0.169	0.169	0.152	0.146	0.155	0.149	0.163	0.169	0.181
597.0	6.471	6.725	6.890	7.165	7.414	7.444	7.518	7.833	9.451	18.32	32.36	27.96	12.51	4.945	9.606	109.8	163.5	59.29	4.100	0.571	0.489	0.437	0.425	0.393	0.378	0.358	0.344	0.354	0.328	0.328	0.295	0.316	0.306	0.300	0.297	0.294	0.292	0.277	0.283	0.295	0.282	0.269	0.265	0.256	0.245	0.260	0.246	0.257	0.241	0.229	0.225	0.237	0.225	0.200	0.214	0.219	0.190	0.191	0.199	0.193	0.182	0.166	0.183	0.172	0.172	0.167	0.166	0.158	0.164	0.172	0.155	0.152	0.158	0.148	0.150	0.167	0.178
600.0	6.653	6.703	6.790	7.559	7.577	7.593	7.544	7.908	9.325	18.65	32.68	28.69	12.54	5.189	3.606	70.80	180.7	101.2	10.07	0.663	0.528	0.444	0.452	0.408	0.373	0.396	0.380	0.351	0.354	0.343	0.313	0.316	0.328	0.336	0.276	0.306	0.294	0.306	0.327	0.267	0.267	0.283	0.262	0.283	0.239	0.270	0.244	0.266	0.263	0.257	0.213	0.259	0.209	0.225	0.198	0.215	0.187	0.205	0.180	0.217	0.174	0.184	0.210	0.183	0.179	0.171	0.177	0.153	0.153	0.184	0.166	0.151	0.146	0.150	0.156	0.170	0.193
