270.0	0.399	0.288	0.251	0.242	0.225	0.259	0.299	0.276	0.215	0.208	0.225	0.208	0.158	0.134	0.125	0.122	0.116	0.104	0.099	0.094	0.084	0.078	0.073	0.062	0.062	0.056	0.052	0.041	0.043	0.039	0.038	0.033	0.031	0.033	0.031	0.030	0.027	0.028	0.023	0.021	0.022	0.022	0.021	0.019	0.021	0.020	0.018	0.015	0.017	0.016	0.016	0.017	0.013	0.015	0.015	0.013	0.015	0.013	0.015	0.017	0.016	0.015	0.016	0.014	0.014	0.015	0.014	0.011	0.016	0.013	0.014	0.012	0.011	0.009	0.012	0.013	0.014
273.0	0.477	0.359	0.314	0.293	0.284	0.290	0.307	0.330	0.310	0.284	0.306	0.294	0.206	0.161	0.142	0.132	0.117	0.112	0.104	0.097	0.082	0.079	0.075	0.066	0.062	0.057	0.054	0.045	0.042	0.039	0.040	0.034	0.033	0.034	0.030	0.032	0.026	0.027	0.023	0.024	0.023	0.023	0.022	0.019	0.023	0.019	0.017	0.017	0.018	0.016	0.014	0.018	0.015	0.015	0.017	0.014	0.015	0.014	0.014	0.015	0.015	0.014	0.015	0.014	0.015	0.015	0.014	0.012	0.015	0.013	0.013	0.012	0.011	0.011	0.011	0.012	0.015
276.0	0.905	0.758	0.698	0.684	0.669	0.680	0.680	0.700	0.736	1.586	2.775	2.070	0.824	0.304	0.184	0.143	0.135	0.120	0.108	0.100	0.086	0.081	0.080	0.072	0.065	0.055	0.052	0.049	0.044	0.041	0.043	0.034	0.033	0.035	0.031	0.027	0.028	0.024	0.024	0.024	0.022	0.021	0.020	0.021	0.021	0.019	0.018	0.017	0.019	0.016	0.015	0.017	0.017	0.016	0.017	0.011	0.014	0.015	0.015	0.016	0.016	0.015	0.016	0.015	0.016	0.016	0.015	0.014	0.016	0.015	0.012	0.013	0.012	0.013	0.013	0.014	0.018
279.0	3.696	3.469	3.434	3.488	3.444	3.560	3.590	3.617	3.799	10.19	27.48	23.49	7.571	1.424	0.400	0.206	0.155	0.141	0.121	0.113	0.096	0.089	0.082	0.072	0.066	0.060	0.053	0.053	0.047	0.044	0.045	0.034	0.035	0.036	0.033	0.030	0.027	0.027	0.025	0.025	0.023	0.024	0.021	0.021	0.022	0.019	0.019	0.019	0.019	0.018	0.019	0.017	0.017	0.017	0.016	0.014	0.017	0.016	0.016	0.017	0.020	0.018	0.018	0.020	0.022	0.023	0.023	0.022	0.024	0.025	0.021	0.023	0.021	0.020	0.024	0.028	0.032
282.0	12.62	12.41	12.52	12.45	12.41	12.72	12.81	12.77	13.23	29.10	98.76	126.1	57.04	11.06	1.498	0.364	0.218	0.174	0.146	0.134	0.114	0.099	0.091	0.086	0.075	0.068	0.062	0.057	0.053	0.048	0.044	0.040	0.040	0.041	0.036	0.035	0.031	0.027	0.026	0.026	0.026	0.025	0.022	0.022	0.024	0.022	0.021	0.022	0.020	0.019	0.021	0.021	0.021	0.021	0.021	0.019	0.021	0.023	0.022	0.024	0.027	0.025	0.029	0.032	0.040	0.044	0.043	0.046	0.052	0.053	0.051	0.054	0.051	0.054	0.064	0.075	0.082
285.0	22.77	22.53	22.62	22.68	22.49	22.90	22.99	23.05	23.43	45.15	132.4	239.9	205.5	68.83	11.29	0.928	0.326	0.232	0.184	0.163	0.138	0.126	0.109	0.095	0.086	0.080	0.072	0.062	0.060	0.056	0.052	0.048	0.044	0.043	0.042	0.036	0.035	0.031	0.028	0.028	0.028	0.028	0.025	0.024	0.027	0.023	0.023	0.025	0.025	0.021	0.026	0.025	0.024	0.025	0.026	0.024	0.026	0.027	0.029	0.030	0.032	0.034	0.044	0.049	0.064	0.067	0.071	0.073	0.084	0.089	0.087	0.093	0.088	0.096	0.111	0.130	0.139
288.0	27.82	27.58	27.81	27.80	27.77	28.10	28.14	28.09	28.68	52.71	115.1	196.4	313.2	241.3	79.76	9.077	0.800	0.310	0.232	0.206	0.164	0.146	0.127	0.109	0.101	0.095	0.082	0.069	0.066	0.060	0.057	0.051	0.052	0.044	0.043	0.041	0.037	0.034	0.033	0.030	0.029	0.031	0.030	0.027	0.029	0.027	0.026	0.025	0.025	0.024	0.028	0.028	0.028	0.026	0.027	0.026	0.028	0.031	0.033	0.033	0.037	0.042	0.052	0.059	0.074	0.080	0.083	0.087	0.101	0.107	0.109	0.112	0.109	0.114	0.136	0.162	0.170
291.0	27.95	27.62	27.93	28.03	27.87	28.26	28.19	28.38	28.98	52.58	104.9	113.0	190.5	331.0	265.3	77.33	10.37	0.838	0.294	0.238	0.193	0.165	0.145	0.121	0.110	0.097	0.085	0.076	0.066	0.064	0.059	0.054	0.051	0.049	0.043	0.043	0.038	0.035	0.034	0.031	0.031	0.030	0.030	0.027	0.030	0.028	0.027	0.027	0.026	0.026	0.027	0.027	0.026	0.028	0.029	0.027	0.029	0.034	0.032	0.037	0.038	0.044	0.050	0.061	0.074	0.080	0.083	0.087	0.101	0.109	0.108	0.111	0.110	0.116	0.134	0.160	0.175
294.0	25.76	25.31	25.73	25.84	25.70	26.16	26.13	26.32	26.93	48.54	95.47	87.26	65.29	183.7	346.0	261.5	78.95	9.701	0.685	0.283	0.224	0.183	0.156	0.129	0.116	0.102	0.088	0.079	0.071	0.067	0.060	0.057	0.051	0.050	0.046	0.043	0.040	0.036	0.035	0.032	0.030	0.030	0.030	0.026	0.029	0.027	0.025	0.026	0.027	0.025	0.026	0.027	0.025	0.026	0.028	0.029	0.028	0.031	0.030	0.034	0.039	0.042	0.048	0.057	0.068	0.073	0.078	0.081	0.093	0.101	0.102	0.104	0.100	0.108	0.127	0.149	0.161
297.0	22.97	22.48	22.91	22.96	23.04	23.44	23.48	23.58	24.12	43.44	84.64	75.65	35.41	43.01	173.5	362.0	282.5	87.51	9.708	0.767	0.275	0.213	0.178	0.147	0.122	0.108	0.092	0.080	0.077	0.072	0.064	0.058	0.053	0.049	0.045	0.043	0.039	0.037	0.034	0.033	0.030	0.031	0.031	0.026	0.029	0.027	0.025	0.026	0.026	0.026	0.026	0.027	0.026	0.026	0.028	0.027	0.027	0.029	0.029	0.033	0.035	0.038	0.045	0.051	0.061	0.066	0.068	0.073	0.085	0.090	0.091	0.091	0.089	0.094	0.111	0.130	0.140
300.0	20.47	20.07	20.52	20.73	20.71	21.07	21.04	21.17	21.71	38.95	75.41	66.88	28.96	13.72	37.55	196.9	371.6	287.2	83.64	10.75	0.658	0.263	0.207	0.164	0.139	0.116	0.100	0.092	0.081	0.073	0.065	0.063	0.054	0.051	0.045	0.046	0.040	0.039	0.034	0.032	0.030	0.029	0.028	0.027	0.028	0.027	0.026	0.026	0.026	0.024	0.025	0.026	0.026	0.026	0.027	0.027	0.027	0.028	0.028	0.030	0.033	0.035	0.042	0.048	0.055	0.059	0.063	0.065	0.075	0.078	0.082	0.082	0.080	0.084	0.100	0.117	0.126
303.0	18.18	17.71	18.19	18.40	18.41	18.70	18.79	18.68	19.28	34.71	66.62	58.88	24.74	9.360	8.983	41.99	195.5	377.3	282.4	87.89	8.765	0.606	0.251	0.190	0.156	0.133	0.110	0.097	0.086	0.074	0.067	0.064	0.056	0.052	0.050	0.045	0.042	0.040	0.034	0.034	0.031	0.031	0.028	0.028	0.029	0.026	0.025	0.027	0.025	0.023	0.025	0.025	0.023	0.024	0.027	0.026	0.026	0.027	0.028	0.030	0.032	0.034	0.039	0.045	0.051	0.053	0.056	0.060	0.068	0.070	0.070	0.072	0.070	0.075	0.089	0.102	0.113
306.0	15.93	15.49	15.97	16.07	16.03	16.38	16.49	16.43	16.86	30.52	58.58	51.82	21.42	7.351	5.226	8.835	41.85	194.5	371.1	288.0	83.09	9.832	0.579	0.232	0.190	0.152	0.126	0.105	0.091	0.080	0.073	0.067	0.059	0.055	0.051	0.049	0.042	0.041	0.036	0.036	0.032	0.032	0.028	0.026	0.028	0.029	0.025	0.027	0.025	0.023	0.025	0.025	0.024	0.024	0.028	0.025	0.026	0.028	0.025	0.027	0.030	0.033	0.035	0.041	0.046	0.049	0.051	0.053	0.058	0.062	0.064	0.064	0.063	0.068	0.077	0.092	0.095
309.0	13.85	13.52	13.92	14.02	14.06	14.23	14.39	14.30	14.71	26.60	51.86	46.58	19.44	6.209	3.818	4.765	8.620	41.76	199.2	360.5	268.5	82.48	8.494	0.496	0.226	0.171	0.140	0.118	0.101	0.088	0.076	0.069	0.064	0.059	0.053	0.048	0.044	0.043	0.036	0.036	0.033	0.034	0.029	0.028	0.028	0.027	0.024	0.025	0.023	0.023	0.026	0.024	0.023	0.023	0.025	0.023	0.025	0.027	0.027	0.026	0.029	0.030	0.033	0.035	0.042	0.045	0.045	0.050	0.054	0.055	0.057	0.058	0.055	0.058	0.069	0.083	0.082
312.0	11.98	11.67	11.99	12.15	12.16	12.38	12.44	12.35	12.77	22.94	45.00	41.76	18.90	6.225	3.205	3.462	4.723	8.401	41.48	177.1	346.9	269.8	79.78	8.210	0.523	0.216	0.167	0.138	0.110	0.094	0.081	0.076	0.066	0.059	0.058	0.052	0.046	0.043	0.039	0.036	0.033	0.031	0.030	0.027	0.028	0.025	0.024	0.025	0.025	0.025	0.025	0.023	0.023	0.023	0.024	0.023	0.022	0.024	0.025	0.024	0.027	0.028	0.030	0.033	0.037	0.040	0.041	0.043	0.046	0.047	0.050	0.051	0.049	0.051	0.058	0.070	0.073
315.0	10.35	10.12	10.42	10.48	10.54	10.66	10.79	10.67	10.99	19.96	38.47	36.11	18.37	7.512	3.677	2.945	3.540	4.551	8.206	37.90	181.0	328.3	251.0	75.38	9.554	0.458	0.202	0.158	0.128	0.104	0.090	0.079	0.069	0.063	0.058	0.053	0.046	0.044	0.039	0.036	0.034	0.034	0.031	0.027	0.028	0.025	0.025	0.025	0.026	0.024	0.024	0.023	0.022	0.024	0.025	0.022	0.022	0.023	0.023	0.022	0.025	0.028	0.027	0.030	0.035	0.036	0.035	0.038	0.040	0.043	0.044	0.045	0.043	0.047	0.052	0.062	0.064
318.0	8.996	8.701	8.896	9.071	9.109	9.157	9.273	9.178	9.489	17.29	33.06	30.52	16.01	8.803	5.295	3.227	2.948	3.390	4.364	7.519	38.34	165.0	314.6	238.6	79.54	7.750	0.402	0.194	0.148	0.116	0.100	0.086	0.075	0.070	0.060	0.054	0.048	0.047	0.040	0.039	0.035	0.034	0.032	0.029	0.027	0.026	0.026	0.023	0.025	0.023	0.024	0.023	0.022	0.022	0.024	0.022	0.019	0.021	0.023	0.024	0.023	0.026	0.026	0.030	0.033	0.032	0.033	0.035	0.038	0.039	0.039	0.039	0.038	0.041	0.048	0.055	0.059
321.0	7.695	7.479	7.617	7.752	7.798	7.833	7.948	7.840	8.079	14.80	28.32	26.04	12.98	7.985	7.068	4.716	3.122	2.748	3.152	4.001	7.222	33.80	156.0	294.8	240.5	73.79	8.562	0.453	0.180	0.140	0.114	0.097	0.080	0.072	0.063	0.058	0.052	0.049	0.041	0.040	0.037	0.033	0.031	0.028	0.028	0.027	0.026	0.025	0.026	0.023	0.023	0.024	0.022	0.021	0.025	0.020	0.020	0.022	0.023	0.023	0.022	0.024	0.025	0.026	0.032	0.031	0.029	0.031	0.034	0.034	0.034	0.035	0.034	0.036	0.040	0.048	0.051
324.0	6.629	6.416	6.536	6.620	6.665	6.755	6.791	6.659	6.910	12.66	24.39	22.61	11.07	6.227	6.917	6.626	4.306	2.731	2.484	2.879	3.674	6.375	33.59	151.5	276.9	218.8	70.44	8.705	0.374	0.172	0.133	0.112	0.091	0.079	0.068	0.058	0.052	0.048	0.043	0.040	0.036	0.033	0.032	0.030	0.031	0.027	0.025	0.027	0.025	0.023	0.024	0.024	0.023	0.020	0.023	0.021	0.021	0.021	0.022	0.021	0.022	0.022	0.025	0.024	0.027	0.029	0.027	0.027	0.031	0.031	0.032	0.033	0.030	0.032	0.037	0.040	0.045
327.0	5.603	5.417	5.562	5.582	5.703	5.721	5.766	5.670	5.842	10.73	20.72	19.55	9.963	5.297	5.433	7.110	6.224	3.695	2.322	2.196	2.591	3.220	5.981	31.38	130.6	263.5	212.4	73.24	7.585	0.384	0.165	0.127	0.102	0.084	0.073	0.064	0.056	0.050	0.044	0.041	0.038	0.035	0.032	0.032	0.030	0.028	0.026	0.025	0.025	0.024	0.024	0.024	0.022	0.022	0.022	0.021	0.020	0.021	0.019	0.022	0.022	0.021	0.023	0.023	0.025	0.027	0.024	0.025	0.028	0.027	0.028	0.029	0.027	0.028	0.032	0.036	0.041
330.0	4.803	4.645	4.709	4.760	4.807	4.859	4.876	4.797	4.953	9.094	17.65	16.95	9.093	5.174	4.701	5.870	6.899	5.421	2.979	1.945	1.869	2.191	2.878	5.497	26.81	130.2	247.4	206.2	66.68	8.972	0.365	0.156	0.118	0.098	0.080	0.068	0.059	0.052	0.047	0.040	0.039	0.035	0.033	0.032	0.029	0.026	0.027	0.024	0.024	0.022	0.024	0.023	0.022	0.022	0.023	0.021	0.020	0.020	0.019	0.020	0.021	0.020	0.021	0.022	0.024	0.024	0.022	0.024	0.026	0.026	0.026	0.026	0.023	0.026	0.030	0.033	0.035
333.0	4.036	3.935	3.995	4.060	4.074	4.103	4.147	4.051	4.174	7.642	14.99	14.76	8.369	5.211	4.757	4.852	5.760	6.315	4.413	2.374	1.505	1.512	1.919	2.590	4.761	27.37	122.5	235.0	191.3	67.97	7.399	0.345	0.145	0.111	0.093	0.076	0.064	0.058	0.048	0.044	0.041	0.039	0.034	0.033	0.030	0.029	0.027	0.024	0.024	0.023	0.023	0.022	0.022	0.023	0.022	0.020	0.019	0.019	0.019	0.021	0.019	0.020	0.020	0.021	0.022	0.021	0.022	0.022	0.024	0.022	0.023	0.022	0.022	0.023	0.025	0.030	0.031
336.0	3.426	3.325	3.363	3.383	3.411	3.452	3.463	3.397	3.516	6.398	12.68	12.76	7.782	5.293	5.048	4.825	4.533	5.238	5.498	3.675	1.717	1.115	1.235	1.694	2.295	4.652	24.99	109.8	222.6	189.6	64.50	8.305	0.352	0.135	0.107	0.086	0.072	0.060	0.052	0.048	0.042	0.040	0.035	0.033	0.032	0.028	0.025	0.026	0.025	0.023	0.023	0.023	0.023	0.021	0.022	0.020	0.019	0.019	0.019	0.019	0.018	0.020	0.020	0.020	0.022	0.018	0.020	0.022	0.021	0.022	0.022	0.021	0.018	0.020	0.023	0.026	0.029
339.0	2.895	2.835	2.852	2.895	2.877	2.932	2.929	2.877	2.954	5.398	10.82	11.27	7.292	5.394	5.315	5.095	4.263	3.850	4.764	4.758	2.687	1.224	0.844	1.075	1.526	2.175	4.294	23.08	111.8	210.7	174.8	62.84	8.214	0.320	0.129	0.099	0.081	0.070	0.055	0.049	0.043	0.044	0.037	0.034	0.032	0.030	0.027	0.026	0.025	0.023	0.023	0.022	0.022	0.021	0.020	0.020	0.019	0.018	0.019	0.019	0.019	0.019	0.020	0.019	0.019	0.020	0.019	0.019	0.021	0.020	0.020	0.019	0.018	0.018	0.022	0.025	0.026
342.0	2.422	2.380	2.408	2.423	2.429	2.457	2.478	2.425	2.498	4.502	9.160	9.959	6.940	5.554	5.592	5.370	4.376	3.289	3.226	4.288	3.907	2.014	0.832	0.673	0.958	1.454	2.018	3.925	23.22	100.2	202.5	170.6	61.55	7.072	0.304	0.121	0.095	0.078	0.063	0.054	0.047	0.044	0.038	0.034	0.033	0.031	0.029	0.028	0.024	0.023	0.023	0.023	0.022	0.022	0.020	0.019	0.018	0.019	0.018	0.018	0.018	0.018	0.018	0.018	0.018	0.018	0.018	0.019	0.019	0.018	0.018	0.018	0.015	0.018	0.020	0.022	0.022
345.0	2.026	1.984	2.037	2.030	2.028	2.068	2.058	2.036	2.085	3.762	7.872	8.887	6.706	5.723	5.880	5.632	4.552	3.221	2.409	2.752	3.883	3.240	1.434	0.599	0.581	0.918	1.363	1.881	3.842	20.79	99.01	190.0	164.1	56.83	7.961	0.293	0.115	0.092	0.071	0.062	0.051	0.046	0.041	0.035	0.035	0.032	0.029	0.029	0.026	0.024	0.025	0.023	0.022	0.020	0.020	0.019	0.019	0.018	0.018	0.019	0.018	0.018	0.018	0.019	0.018	0.019	0.019	0.016	0.019	0.016	0.018	0.017	0.016	0.016	0.019	0.020	0.021
348.0	1.697	1.683	1.705	1.702	1.711	1.735	1.722	1.702	1.741	3.169	6.712	7.982	6.502	5.840	6.183	5.899	4.698	3.246	2.179	1.787	2.573	3.479	2.542	1.012	0.468	0.549	0.883	1.290	1.776	3.443	21.12	92.79	181.6	153.3	56.80	6.640	0.247	0.112	0.082	0.070	0.058	0.048	0.043	0.040	0.036	0.034	0.030	0.029	0.027	0.024	0.026	0.024	0.022	0.020	0.020	0.020	0.019	0.018	0.019	0.018	0.019	0.018	0.017	0.017	0.019	0.018	0.018	0.015	0.017	0.018	0.016	0.016	0.016	0.014	0.018	0.020	0.021
351.0	1.445	1.429	1.435	1.433	1.429	1.446	1.437	1.412	1.438	2.608	5.780	7.231	6.300	5.991	6.395	6.088	4.806	3.226	2.109	1.501	1.409	2.335	3.116	2.036	0.805	0.392	0.519	0.829	1.232	1.637	3.380	18.78	84.55	172.4	151.4	54.07	6.536	0.275	0.103	0.080	0.066	0.055	0.048	0.041	0.038	0.034	0.031	0.028	0.027	0.025	0.025	0.024	0.021	0.020	0.020	0.018	0.018	0.019	0.018	0.017	0.018	0.018	0.017	0.016	0.018	0.017	0.016	0.015	0.017	0.016	0.017	0.016	0.013	0.014	0.016	0.018	0.020
354.0	1.232	1.182	1.212	1.206	1.212	1.199	1.214	1.172	1.206	2.212	5.060	6.574	6.163	6.049	6.520	6.259	4.893	3.202	2.018	1.409	1.018	1.187	2.342	2.795	1.695	0.589	0.350	0.496	0.817	1.144	1.554	3.060	17.95	85.01	163.7	140.9	49.78	7.080	0.233	0.098	0.077	0.065	0.055	0.046	0.040	0.035	0.032	0.031	0.028	0.026	0.028	0.025	0.022	0.020	0.023	0.018	0.020	0.019	0.019	0.018	0.017	0.017	0.017	0.016	0.018	0.017	0.014	0.015	0.015	0.016	0.015	0.015	0.013	0.014	0.014	0.017	0.019
357.0	1.031	1.018	0.988	1.011	1.016	1.019	1.023	0.984	1.016	1.844	4.392	6.060	6.004	6.086	6.613	6.307	4.916	3.158	1.939	1.307	0.902	0.710	1.116	2.326	2.567	1.307	0.453	0.317	0.484	0.761	1.092	1.443	2.854	17.24	76.17	157.4	135.4	51.71	5.756	0.225	0.094	0.075	0.062	0.053	0.045	0.039	0.035	0.032	0.029	0.027	0.029	0.026	0.022	0.021	0.021	0.019	0.019	0.019	0.018	0.018	0.017	0.017	0.016	0.016	0.016	0.017	0.015	0.016	0.015	0.015	0.015	0.014	0.014	0.013	0.014	0.015	0.017
360.0	0.879	0.856	0.846	0.848	0.827	0.853	0.863	0.839	0.835	1.543	3.859	5.581	5.797	6.095	6.644	6.347	4.901	3.105	1.848	1.199	0.816	0.600	0.549	1.162	2.262	2.235	1.042	0.382	0.289	0.452	0.742	1.021	1.342	2.720	15.26	73.65	148.8	133.0	46.92	6.486	0.241	0.093	0.074	0.060	0.050	0.041	0.037	0.034	0.030	0.027	0.028	0.025	0.023	0.021	0.021	0.019	0.019	0.020	0.018	0.017	0.017	0.018	0.016	0.015	0.017	0.017	0.014	0.015	0.015	0.015	0.014	0.013	0.013	0.013	0.013	0.015	0.016
363.0	0.735	0.724	0.725	0.705	0.711	0.710	0.717	0.695	0.703	1.322	3.408	5.161	5.612	6.007	6.561	6.296	4.824	3.017	1.773	1.109	0.743	0.540	0.420	0.490	1.207	2.296	1.922	0.814	0.296	0.269	0.461	0.703	0.971	1.267	2.421	15.33	72.31	141.3	122.6	45.33	5.923	0.220	0.087	0.068	0.058	0.047	0.040	0.036	0.031	0.028	0.029	0.026	0.024	0.021	0.022	0.019	0.019	0.019	0.018	0.016	0.018	0.017	0.016	0.014	0.016	0.016	0.014	0.014	0.014	0.014	0.014	0.013	0.012	0.012	0.013	0.015	0.015
366.0	0.609	0.613	0.595	0.605	0.615	0.596	0.589	0.579	0.589	1.099	3.021	4.779	5.374	5.886	6.452	6.185	4.703	2.927	1.665	1.034	0.664	0.478	0.371	0.317	0.472	1.381	2.235	1.667	0.606	0.251	0.263	0.433	0.668	0.928	1.170	2.371	14.59	64.13	136.4	119.9	44.16	5.572	0.218	0.083	0.066	0.055	0.045	0.041	0.033	0.029	0.030	0.027	0.025	0.023	0.021	0.018	0.020	0.020	0.017	0.018	0.017	0.016	0.016	0.014	0.015	0.014	0.013	0.014	0.015	0.014	0.014	0.012	0.012	0.012	0.013	0.014	0.016
369.0	0.528	0.524	0.524	0.523	0.511	0.495	0.512	0.494	0.500	0.948	2.686	4.454	5.161	5.724	6.275	6.032	4.563	2.789	1.566	0.959	0.607	0.431	0.333	0.280	0.271	0.558	1.522	2.135	1.329	0.493	0.219	0.252	0.428	0.650	0.872	1.112	2.248	13.11	66.19	128.9	113.6	41.60	5.987	0.208	0.082	0.064	0.050	0.044	0.037	0.033	0.030	0.028	0.025	0.025	0.020	0.020	0.019	0.019	0.018	0.019	0.017	0.016	0.016	0.014	0.015	0.015	0.013	0.013	0.015	0.014	0.015	0.013	0.012	0.011	0.011	0.013	0.014
372.0	0.467	0.457	0.454	0.454	0.433	0.444	0.436	0.428	0.430	0.817	2.419	4.117	4.921	5.485	6.058	5.772	4.389	2.687	1.485	0.877	0.548	0.387	0.293	0.252	0.241	0.258	0.641	1.618	1.963	1.106	0.355	0.191	0.248	0.421	0.621	0.841	1.041	2.009	13.82	61.43	123.8	107.5	40.74	4.943	0.186	0.075	0.059	0.050	0.043	0.034	0.032	0.029	0.025	0.025	0.021	0.020	0.020	0.019	0.018	0.018	0.018	0.017	0.015	0.015	0.017	0.015	0.013	0.015	0.014	0.014	0.014	0.011	0.011	0.010	0.013	0.012	0.012
375.0	0.400	0.387	0.386	0.376	0.367	0.369	0.368	0.363	0.371	0.720	2.186	3.816	4.631	5.254	5.785	5.522	4.183	2.533	1.392	0.828	0.502	0.352	0.264	0.225	0.214	0.210	0.261	0.727	1.712	1.798	0.855	0.291	0.178	0.245	0.410	0.604	0.793	0.964	2.057	12.53	57.90	117.3	105.4	38.75	5.455	0.209	0.072	0.059	0.048	0.040	0.035	0.031	0.026	0.026	0.022	0.021	0.021	0.019	0.020	0.018	0.018	0.016	0.017	0.015	0.016	0.015	0.013	0.013	0.014	0.014	0.013	0.013	0.010	0.011	0.012	0.011	0.012
378.0	0.362	0.335	0.346	0.334	0.315	0.313	0.332	0.311	0.317	0.626	1.974	3.542	4.377	4.964	5.491	5.232	3.972	2.385	1.300	0.767	0.461	0.321	0.239	0.200	0.194	0.189	0.191	0.279	0.899	1.744	1.552	0.682	0.231	0.165	0.246	0.413	0.580	0.755	0.920	1.866	12.05	56.78	111.8	98.45	37.83	5.264	0.177	0.074	0.056	0.045	0.041	0.034	0.029	0.026	0.023	0.023	0.021	0.019	0.019	0.019	0.018	0.016	0.017	0.015	0.016	0.016	0.013	0.012	0.014	0.013	0.012	0.012	0.011	0.011	0.011	0.011	0.013
381.0	0.310	0.301	0.303	0.289	0.282	0.274	0.277	0.266	0.276	0.543	1.788	3.265	4.127	4.689	5.157	4.945	3.743	2.227	1.194	0.705	0.429	0.296	0.222	0.185	0.175	0.171	0.173	0.179	0.327	0.975	1.741	1.350	0.533	0.193	0.158	0.244	0.407	0.551	0.729	0.855	1.771	11.43	51.20	107.2	96.58	37.31	4.545	0.183	0.068	0.054	0.046	0.038	0.033	0.027	0.026	0.023	0.023	0.022	0.018	0.019	0.018	0.017	0.018	0.016	0.016	0.016	0.013	0.011	0.014	0.012	0.011	0.012	0.010	0.010	0.012	0.011	0.014
384.0	0.278	0.254	0.274	0.254	0.249	0.237	0.246	0.236	0.242	0.482	1.625	3.018	3.847	4.379	4.846	4.608	3.484	2.089	1.111	0.641	0.394	0.277	0.206	0.169	0.158	0.151	0.161	0.163	0.172	0.374	1.133	1.668	1.140	0.398	0.170	0.154	0.250	0.393	0.544	0.694	0.807	1.687	10.52	51.03	101.8	92.35	34.14	5.098	0.178	0.065	0.052	0.046	0.037	0.031	0.029	0.025	0.023	0.023	0.020	0.020	0.018	0.016	0.017	0.015	0.016	0.017	0.014	0.012	0.012	0.014	0.013	0.011	0.010	0.011	0.012	0.012	0.014
387.0	0.252	0.239	0.248	0.222	0.216	0.218	0.215	0.212	0.214	0.425	1.476	2.768	3.559	4.095	4.498	4.310	3.222	1.927	1.024	0.584	0.363	0.250	0.189	0.161	0.149	0.139	0.142	0.148	0.148	0.170	0.463	1.232	1.589	0.904	0.314	0.146	0.154	0.250	0.389	0.517	0.666	0.758	1.538	10.55	48.04	97.98	86.95	34.31	4.391	0.156	0.064	0.051	0.042	0.035	0.033	0.027	0.024	0.022	0.021	0.019	0.018	0.017	0.017	0.015	0.016	0.016	0.014	0.013	0.011	0.014	0.012	0.012	0.011	0.011	0.012	0.012	0.013
390.0	0.236	0.223	0.215	0.208	0.189	0.198	0.190	0.189	0.194	0.386	1.328	2.534	3.281	3.758	4.166	3.969	2.986	1.777	0.946	0.545	0.327	0.237	0.177	0.148	0.135	0.131	0.133	0.135	0.137	0.142	0.184	0.547	1.303	1.446	0.751	0.239	0.130	0.148	0.257	0.376	0.499	0.640	0.708	1.520	9.637	44.94	94.66	86.05	32.62	4.387	0.168	0.064	0.048	0.040	0.037	0.029	0.027	0.023	0.021	0.022	0.020	0.017	0.017	0.016	0.016	0.017	0.014	0.015	0.013	0.013	0.012	0.012	0.011	0.012	0.011	0.012	0.013
393.0	0.210	0.203	0.190	0.188	0.180	0.177	0.169	0.168	0.173	0.350	1.211	2.325	3.009	3.494	3.824	3.664	2.731	1.632	0.860	0.495	0.298	0.221	0.170	0.144	0.130	0.121	0.117	0.120	0.125	0.130	0.132	0.206	0.653	1.384	1.292	0.563	0.191	0.125	0.156	0.255	0.373	0.486	0.610	0.664	1.399	9.442	46.38	90.47	80.99	30.27	4.407	0.158	0.058	0.047	0.040	0.033	0.028	0.025	0.024	0.023	0.022	0.019	0.019	0.017	0.016	0.018	0.014	0.014	0.014	0.014	0.013	0.012	0.010	0.010	0.011	0.012	0.013
396.0	0.184	0.203	0.176	0.172	0.156	0.155	0.159	0.153	0.159	0.307	1.078	2.118	2.748	3.175	3.492	3.325	2.499	1.496	0.784	0.454	0.276	0.203	0.158	0.137	0.126	0.120	0.112	0.114	0.117	0.126	0.131	0.133	0.242	0.788	1.388	1.108	0.434	0.168	0.124	0.155	0.264	0.368	0.473	0.581	0.624	1.343	9.583	41.94	87.87	77.90	30.78	3.983	0.141	0.054	0.046	0.039	0.032	0.027	0.026	0.023	0.021	0.020	0.020	0.016	0.017	0.016	0.014	0.015	0.014	0.015	0.012	0.012	0.011	0.011	0.012	0.013	0.013
399.0	0.187	0.184	0.161	0.154	0.152	0.150	0.148	0.142	0.145	0.278	0.980	1.905	2.487	2.881	3.159	3.027	2.272	1.350	0.712	0.412	0.254	0.183	0.153	0.133	0.123	0.113	0.112	0.111	0.114	0.120	0.126	0.132	0.136	0.304	0.877	1.366	0.927	0.359	0.147	0.124	0.166	0.270	0.358	0.459	0.555	0.588	1.345	8.518	41.07	82.17	75.76	29.27	4.139	0.150	0.055	0.044	0.036	0.032	0.029	0.025	0.022	0.020	0.019	0.017	0.017	0.016	0.016	0.015	0.014	0.014	0.011	0.013	0.011	0.010	0.011	0.013	0.013
402.0	0.166	0.167	0.150	0.141	0.139	0.132	0.140	0.132	0.133	0.252	0.872	1.723	2.240	2.610	2.870	2.742	2.070	1.229	0.653	0.373	0.234	0.177	0.146	0.125	0.121	0.112	0.116	0.114	0.111	0.120	0.124	0.135	0.134	0.154	0.374	1.017	1.306	0.792	0.272	0.142	0.130	0.180	0.275	0.356	0.448	0.534	0.559	1.201	8.395	38.44	78.97	72.23	27.99	3.721	0.134	0.052	0.042	0.036	0.031	0.026	0.023	0.021	0.021	0.016	0.018	0.017	0.016	0.012	0.014	0.014	0.012	0.012	0.011	0.009	0.011	0.012	0.012
405.0	0.159	0.161	0.141	0.129	0.135	0.124	0.125	0.126	0.124	0.230	0.795	1.544	2.035	2.356	2.580	2.478	1.860	1.109	0.589	0.353	0.221	0.169	0.133	0.124	0.121	0.115	0.117	0.115	0.112	0.117	0.122	0.132	0.133	0.138	0.175	0.481	1.105	1.228	0.616	0.230	0.141	0.136	0.188	0.275	0.344	0.440	0.512	0.525	1.168	7.686	35.85	76.05	70.01	27.30	3.718	0.138	0.049	0.040	0.035	0.031	0.025	0.023	0.022	0.017	0.018	0.019	0.016	0.014	0.014	0.013	0.013	0.012	0.010	0.011	0.012	0.013	0.013
408.0	0.162	0.142	0.132	0.118	0.122	0.118	0.120	0.118	0.121	0.216	0.730	1.389	1.841	2.123	2.328	2.238	1.679	0.999	0.536	0.316	0.200	0.154	0.129	0.118	0.112	0.116	0.114	0.111	0.112	0.116	0.118	0.126	0.134	0.139	0.137	0.204	0.574	1.136	1.064	0.502	0.192	0.135	0.134	0.192	0.268	0.333	0.419	0.483	0.488	1.083	7.300	35.43	72.88	67.14	26.50	3.859	0.133	0.046	0.039	0.033	0.029	0.026	0.023	0.018	0.020	0.018	0.015	0.014	0.017	0.015	0.015	0.012	0.011	0.011	0.011	0.012	0.014
411.0	0.140	0.130	0.126	0.117	0.113	0.107	0.114	0.110	0.110	0.195	0.648	1.248	1.645	1.900	2.092	1.992	1.496	0.896	0.494	0.284	0.184	0.150	0.121	0.109	0.109	0.108	0.110	0.107	0.107	0.108	0.112	0.117	0.122	0.131	0.134	0.137	0.232	0.649	1.165	0.933	0.385	0.162	0.122	0.128	0.186	0.258	0.318	0.401	0.453	0.454	1.014	7.053	33.42	70.69	64.83	25.77	3.328	0.134	0.047	0.037	0.033	0.028	0.025	0.021	0.020	0.018	0.016	0.016	0.015	0.016	0.015	0.013	0.011	0.010	0.011	0.012	0.012
414.0	0.135	0.135	0.130	0.119	0.116	0.107	0.113	0.106	0.102	0.180	0.583	1.127	1.468	1.719	1.865	1.799	1.352	0.806	0.447	0.259	0.173	0.132	0.117	0.104	0.109	0.101	0.108	0.103	0.101	0.101	0.104	0.110	0.113	0.119	0.123	0.129	0.134	0.269	0.781	1.131	0.780	0.292	0.141	0.108	0.119	0.183	0.250	0.303	0.380	0.426	0.420	0.974	6.806	32.82	67.71	62.44	23.83	3.786	0.135	0.045	0.038	0.032	0.028	0.024	0.021	0.019	0.016	0.016	0.015	0.015	0.015	0.014	0.011	0.010	0.011	0.012	0.013
417.0	0.143	0.126	0.129	0.116	0.109	0.105	0.106	0.101	0.104	0.171	0.529	0.993	1.311	1.526	1.680	1.599	1.208	0.728	0.396	0.236	0.160	0.127	0.112	0.101	0.110	0.095	0.099	0.099	0.096	0.100	0.099	0.100	0.102	0.108	0.112	0.121	0.117	0.135	0.345	0.863	1.068	0.611	0.234	0.118	0.099	0.116	0.181	0.243	0.293	0.368	0.398	0.389	0.931	6.828	32.03	65.58	59.49	24.38	3.376	0.114	0.046	0.037	0.030	0.025	0.023	0.020	0.019	0.017	0.016	0.017	0.015	0.013	0.012	0.011	0.013	0.013	0.013
420.0	0.137	0.127	0.120	0.114	0.104	0.098	0.106	0.102	0.100	0.165	0.474	0.901	1.172	1.348	1.474	1.415	1.084	0.646	0.355	0.210	0.150	0.120	0.105	0.095	0.114	0.093	0.094	0.092	0.092	0.096	0.099	0.097	0.100	0.098	0.107	0.113	0.113	0.113	0.145	0.402	0.907	0.966	0.503	0.180	0.105	0.092	0.113	0.174	0.236	0.277	0.349	0.372	0.364	0.909	6.289	29.66	62.76	59.28	23.86	3.214	0.124	0.043	0.033	0.030	0.029	0.023	0.021	0.018	0.018	0.016	0.016	0.013	0.011	0.012	0.012	0.014	0.014
423.0	0.143	0.117	0.114	0.103	0.095	0.096	0.098	0.097	0.097	0.150	0.420	0.792	1.037	1.200	1.337	1.262	0.971	0.584	0.322	0.199	0.138	0.115	0.097	0.092	0.118	0.092	0.091	0.091	0.090	0.095	0.095	0.096	0.096	0.099	0.101	0.112	0.113	0.114	0.110	0.165	0.476	0.942	0.856	0.383	0.144	0.097	0.085	0.114	0.179	0.221	0.266	0.332	0.349	0.341	0.851	6.033	28.87	59.15	56.61	22.48	3.421	0.126	0.040	0.032	0.031	0.025	0.024	0.021	0.019	0.016	0.017	0.014	0.012	0.012	0.012	0.014	0.011
426.0	0.138	0.112	0.111	0.108	0.107	0.097	0.101	0.090	0.096	0.136	0.375	0.706	0.934	1.062	1.172	1.117	0.867	0.522	0.295	0.183	0.127	0.107	0.095	0.093	0.128	0.089	0.085	0.089	0.090	0.095	0.096	0.097	0.097	0.100	0.107	0.108	0.109	0.114	0.113	0.114	0.197	0.568	0.939	0.733	0.297	0.122	0.087	0.086	0.116	0.174	0.214	0.258	0.315	0.324	0.314	0.796	5.623	25.94	57.36	54.57	22.64	3.176	0.112	0.040	0.033	0.030	0.026	0.022	0.020	0.017	0.016	0.015	0.013	0.012	0.013	0.015	0.013
429.0	0.141	0.113	0.106	0.100	0.096	0.100	0.095	0.090	0.090	0.128	0.341	0.624	0.812	0.943	1.022	0.980	0.772	0.456	0.262	0.168	0.123	0.103	0.091	0.090	0.138	0.090	0.086	0.087	0.088	0.095	0.095	0.101	0.102	0.101	0.104	0.107	0.108	0.112	0.113	0.113	0.118	0.239	0.628	0.909	0.615	0.237	0.103	0.085	0.083	0.115	0.170	0.203	0.242	0.297	0.304	0.292	0.748	4.956	25.07	55.24	53.50	22.06	3.204	0.127	0.041	0.034	0.027	0.023	0.022	0.019	0.018	0.016	0.013	0.013	0.011	0.014	0.015
432.0	0.130	0.111	0.115	0.100	0.101	0.095	0.093	0.088	0.084	0.123	0.303	0.561	0.710	0.831	0.901	0.863	0.683	0.411	0.239	0.155	0.115	0.104	0.094	0.089	0.144	0.088	0.087	0.087	0.085	0.092	0.096	0.097	0.098	0.101	0.100	0.105	0.105	0.109	0.112	0.111	0.111	0.127	0.290	0.704	0.852	0.491	0.169	0.096	0.080	0.079	0.114	0.166	0.194	0.228	0.285	0.281	0.271	0.670	4.909	25.00	53.30	51.31	20.96	3.258	0.123	0.040	0.031	0.027	0.024	0.020	0.019	0.016	0.013	0.011	0.013	0.014	0.016
435.0	0.130	0.118	0.104	0.099	0.105	0.090	0.090	0.083	0.079	0.122	0.274	0.496	0.627	0.736	0.794	0.765	0.610	0.363	0.212	0.142	0.108	0.095	0.088	0.086	0.147	0.081	0.081	0.085	0.087	0.090	0.089	0.094	0.096	0.099	0.097	0.101	0.098	0.103	0.106	0.106	0.105	0.106	0.126	0.345	0.734	0.768	0.372	0.144	0.086	0.071	0.077	0.114	0.158	0.181	0.222	0.273	0.268	0.255	0.654	4.808	23.08	51.70	50.13	21.55	3.244	0.136	0.037	0.031	0.027	0.023	0.021	0.017	0.014	0.012	0.014	0.015	0.016
438.0	0.127	0.114	0.104	0.096	0.095	0.090	0.080	0.081	0.080	0.112	0.247	0.445	0.554	0.656	0.697	0.672	0.537	0.324	0.190	0.133	0.099	0.092	0.081	0.078	0.138	0.078	0.079	0.081	0.082	0.085	0.084	0.091	0.092	0.092	0.095	0.094	0.095	0.096	0.095	0.098	0.099	0.099	0.093	0.141	0.398	0.754	0.654	0.297	0.112	0.074	0.064	0.072	0.109	0.152	0.173	0.216	0.260	0.248	0.235	0.638	4.469	22.93	49.97	48.75	21.01	3.543	0.123	0.037	0.030	0.025	0.023	0.018	0.016	0.013	0.013	0.015	0.015
441.0	0.121	0.107	0.105	0.090	0.098	0.092	0.077	0.085	0.079	0.107	0.223	0.391	0.487	0.575	0.620	0.590	0.466	0.289	0.174	0.120	0.094	0.084	0.076	0.073	0.128	0.073	0.071	0.074	0.075	0.079	0.077	0.084	0.086	0.085	0.086	0.089	0.087	0.086	0.086	0.089	0.090	0.088	0.087	0.084	0.159	0.461	0.753	0.557	0.218	0.090	0.064	0.058	0.066	0.104	0.146	0.165	0.206	0.251	0.236	0.223	0.593	4.413	22.04	47.55	47.43	20.90	2.840	0.119	0.035	0.028	0.025	0.021	0.017	0.015	0.015	0.016	0.016
444.0	0.115	0.099	0.109	0.082	0.089	0.090	0.087	0.087	0.077	0.101	0.208	0.336	0.436	0.510	0.542	0.519	0.415	0.253	0.157	0.113	0.088	0.079	0.072	0.069	0.114	0.068	0.069	0.068	0.071	0.072	0.070	0.076	0.078	0.081	0.082	0.084	0.082	0.081	0.080	0.082	0.082	0.084	0.081	0.074	0.081	0.188	0.530	0.713	0.451	0.165	0.075	0.056	0.050	0.063	0.102	0.139	0.156	0.199	0.241	0.221	0.210	0.579	4.206	20.28	45.93	45.94	18.86	3.361	0.130	0.033	0.027	0.023	0.018	0.017	0.016	0.016	0.016
447.0	0.118	0.091	0.098	0.090	0.093	0.090	0.089	0.081	0.075	0.096	0.189	0.310	0.388	0.448	0.482	0.458	0.359	0.225	0.142	0.102	0.080	0.078	0.068	0.068	0.101	0.066	0.069	0.066	0.068	0.071	0.065	0.073	0.073	0.076	0.079	0.081	0.076	0.077	0.077	0.074	0.075	0.078	0.077	0.074	0.069	0.081	0.239	0.563	0.658	0.361	0.125	0.066	0.049	0.044	0.066	0.106	0.134	0.154	0.195	0.230	0.205	0.198	0.554	3.874	19.89	43.92	43.96	20.69	3.290	0.114	0.034	0.025	0.021	0.018	0.018	0.018	0.017
450.0	0.130	0.095	0.098	0.089	0.090	0.088	0.085	0.083	0.078	0.096	0.167	0.267	0.346	0.387	0.415	0.396	0.324	0.206	0.132	0.099	0.081	0.073	0.066	0.068	0.092	0.061	0.065	0.063	0.064	0.068	0.062	0.070	0.070	0.075	0.074	0.075	0.074	0.071	0.071	0.070	0.069	0.072	0.071	0.071	0.068	0.063	0.091	0.279	0.606	0.594	0.287	0.096	0.053	0.043	0.043	0.064	0.103	0.128	0.148	0.192	0.223	0.196	0.186	0.510	3.665	18.49	43.48	44.55	19.45	2.744	0.116	0.032	0.025	0.021	0.020	0.021	0.019
453.0	0.132	0.100	0.097	0.096	0.087	0.090	0.085	0.080	0.078	0.088	0.159	0.251	0.315	0.352	0.380	0.359	0.289	0.188	0.118	0.091	0.076	0.068	0.066	0.066	0.084	0.061	0.066	0.062	0.064	0.064	0.069	0.069	0.068	0.071	0.073	0.072	0.073	0.069	0.069	0.069	0.069	0.069	0.070	0.069	0.065	0.060	0.059	0.107	0.341	0.611	0.512	0.210	0.074	0.047	0.041	0.044	0.065	0.102	0.127	0.142	0.189	0.211	0.185	0.178	0.484	3.483	18.29	40.02	41.96	17.81	3.007	0.112	0.030	0.023	0.022	0.022	0.020
456.0	0.128	0.105	0.105	0.090	0.089	0.090	0.088	0.080	0.078	0.098	0.146	0.230	0.282	0.317	0.330	0.328	0.257	0.172	0.115	0.090	0.076	0.069	0.064	0.064	0.076	0.059	0.061	0.062	0.063	0.065	0.068	0.068	0.070	0.068	0.072	0.072	0.071	0.070	0.070	0.069	0.066	0.068	0.068	0.066	0.064	0.062	0.059	0.061	0.137	0.402	0.610	0.427	0.157	0.061	0.044	0.038	0.044	0.066	0.105	0.123	0.145	0.191	0.205	0.174	0.169	0.465	3.354	16.15	39.55	40.26	17.56	2.592	0.100	0.028	0.024	0.023	0.022
459.0	0.129	0.099	0.104	0.097	0.088	0.088	0.079	0.084	0.081	0.095	0.142	0.216	0.250	0.285	0.305	0.297	0.230	0.163	0.107	0.085	0.075	0.068	0.063	0.061	0.067	0.060	0.060	0.061	0.059	0.063	0.067	0.064	0.067	0.066	0.072	0.069	0.068	0.069	0.068	0.069	0.064	0.068	0.065	0.065	0.064	0.061	0.059	0.055	0.064	0.168	0.450	0.586	0.352	0.119	0.056	0.042	0.036	0.042	0.071	0.108	0.121	0.138	0.182	0.200	0.168	0.166	0.446	2.828	16.02	38.36	39.36	17.16	2.638	0.126	0.030	0.026	0.024
462.0	0.135	0.110	0.101	0.097	0.094	0.090	0.090	0.085	0.078	0.094	0.130	0.194	0.227	0.263	0.277	0.264	0.213	0.149	0.100	0.078	0.071	0.067	0.062	0.060	0.065	0.058	0.061	0.058	0.059	0.060	0.064	0.063	0.063	0.065	0.071	0.070	0.067	0.068	0.064	0.065	0.065	0.065	0.064	0.061	0.062	0.059	0.061	0.056	0.051	0.070	0.211	0.498	0.544	0.271	0.090	0.047	0.039	0.037	0.047	0.074	0.106	0.117	0.138	0.184	0.194	0.166	0.155	0.387	2.886	15.96	36.83	37.41	16.16	3.203	0.143	0.034	0.028
465.0	0.123	0.114	0.107	0.094	0.100	0.090	0.090	0.088	0.078	0.094	0.126	0.184	0.214	0.236	0.248	0.246	0.194	0.134	0.098	0.076	0.068	0.062	0.061	0.061	0.065	0.059	0.059	0.062	0.057	0.062	0.062	0.062	0.062	0.065	0.069	0.067	0.065	0.068	0.062	0.065	0.063	0.064	0.061	0.060	0.055	0.058	0.059	0.056	0.052	0.049	0.081	0.263	0.528	0.482	0.211	0.073	0.045	0.036	0.039	0.047	0.079	0.104	0.114	0.137	0.179	0.184	0.152	0.148	0.391	2.829	14.70	35.01	36.92	18.55	3.152	0.155	0.036
468.0	0.137	0.127	0.107	0.100	0.101	0.102	0.087	0.087	0.083	0.093	0.123	0.170	0.187	0.218	0.228	0.215	0.177	0.128	0.096	0.077	0.068	0.064	0.059	0.060	0.058	0.056	0.059	0.059	0.054	0.060	0.060	0.061	0.060	0.063	0.065	0.063	0.064	0.069	0.064	0.062	0.058	0.060	0.057	0.057	0.052	0.052	0.053	0.054	0.051	0.047	0.048	0.100	0.314	0.530	0.414	0.163	0.059	0.041	0.038	0.035	0.050	0.078	0.103	0.111	0.139	0.173	0.176	0.148	0.143	0.383	2.528	14.16	33.78	36.43	17.96	3.707	0.155
471.0	0.129	0.122	0.111	0.101	0.104	0.098	0.095	0.091	0.081	0.092	0.117	0.163	0.177	0.190	0.206	0.202	0.167	0.117	0.091	0.071	0.069	0.066	0.058	0.061	0.056	0.055	0.053	0.056	0.053	0.057	0.056	0.058	0.059	0.062	0.059	0.065	0.063	0.063	0.056	0.060	0.059	0.057	0.053	0.052	0.049	0.049	0.049	0.052	0.051	0.047	0.044	0.050	0.127	0.366	0.514	0.339	0.115	0.050	0.040	0.034	0.037	0.050	0.082	0.100	0.109	0.135	0.173	0.168	0.136	0.133	0.345	2.604	13.40	30.73	35.93	18.35	2.884
474.0	0.135	0.113	0.110	0.102	0.105	0.100	0.092	0.094	0.083	0.098	0.116	0.151	0.169	0.178	0.182	0.180	0.150	0.111	0.088	0.074	0.065	0.063	0.053	0.058	0.055	0.053	0.051	0.053	0.051	0.055	0.056	0.054	0.057	0.061	0.059	0.058	0.061	0.060	0.054	0.058	0.052	0.056	0.050	0.050	0.046	0.045	0.048	0.048	0.044	0.045	0.043	0.041	0.051	0.159	0.406	0.482	0.266	0.094	0.047	0.035	0.034	0.037	0.052	0.083	0.101	0.105	0.133	0.166	0.156	0.129	0.123	0.347	2.217	11.29	30.39	34.68	16.33
477.0	0.150	0.129	0.115	0.108	0.106	0.106	0.093	0.094	0.090	0.097	0.113	0.142	0.152	0.163	0.170	0.164	0.140	0.106	0.084	0.072	0.061	0.059	0.056	0.054	0.050	0.051	0.054	0.050	0.048	0.053	0.055	0.057	0.055	0.055	0.057	0.059	0.057	0.057	0.055	0.055	0.052	0.054	0.049	0.047	0.046	0.043	0.045	0.043	0.045	0.045	0.043	0.041	0.038	0.059	0.204	0.436	0.434	0.215	0.074	0.041	0.034	0.031	0.037	0.055	0.083	0.098	0.103	0.127	0.162	0.147	0.116	0.115	0.302	1.930	11.09	28.40	33.34
480.0	0.144	0.126	0.123	0.110	0.099	0.114	0.096	0.086	0.092	0.099	0.110	0.132	0.139	0.154	0.160	0.155	0.132	0.099	0.077	0.069	0.063	0.062	0.052	0.056	0.052	0.050	0.049	0.048	0.048	0.051	0.054	0.052	0.055	0.056	0.053	0.055	0.054	0.054	0.051	0.051	0.051	0.051	0.049	0.047	0.042	0.040	0.043	0.040	0.042	0.042	0.043	0.043	0.037	0.036	0.073	0.243	0.450	0.387	0.163	0.056	0.040	0.030	0.031	0.037	0.057	0.081	0.093	0.100	0.127	0.153	0.137	0.107	0.105	0.267	1.771	10.16	29.28
483.0	0.152	0.129	0.125	0.113	0.106	0.107	0.104	0.094	0.087	0.099	0.108	0.122	0.133	0.135	0.140	0.147	0.120	0.097	0.074	0.066	0.063	0.056	0.051	0.053	0.049	0.047	0.049	0.047	0.043	0.047	0.054	0.051	0.050	0.053	0.052	0.052	0.052	0.054	0.046	0.048	0.048	0.046	0.048	0.044	0.042	0.040	0.041	0.037	0.040	0.039	0.039	0.040	0.036	0.033	0.037	0.092	0.286	0.438	0.329	0.123	0.056	0.038	0.031	0.031	0.036	0.056	0.080	0.091	0.093	0.125	0.146	0.125	0.097	0.100	0.249	1.658	10.85
486.0	0.152	0.127	0.122	0.113	0.107	0.105	0.101	0.094	0.085	0.096	0.104	0.118	0.128	0.133	0.134	0.129	0.115	0.090	0.072	0.062	0.063	0.055	0.051	0.053	0.047	0.049	0.048	0.047	0.044	0.045	0.051	0.048	0.048	0.050	0.049	0.050	0.048	0.053	0.046	0.046	0.043	0.043	0.045	0.044	0.042	0.038	0.040	0.036	0.037	0.038	0.036	0.039	0.035	0.034	0.031	0.039	0.123	0.320	0.428	0.254	0.095	0.047	0.034	0.031	0.028	0.038	0.058	0.082	0.083	0.092	0.118	0.137	0.117	0.095	0.095	0.241	1.792
489.0	0.142	0.129	0.118	0.112	0.107	0.101	0.105	0.098	0.084	0.096	0.099	0.116	0.118	0.125	0.130	0.119	0.103	0.085	0.069	0.064	0.063	0.056	0.051	0.051	0.046	0.044	0.047	0.045	0.046	0.045	0.048	0.047	0.049	0.049	0.049	0.048	0.048	0.050	0.046	0.045	0.040	0.045	0.044	0.043	0.040	0.034	0.037	0.036	0.036	0.036	0.034	0.038	0.034	0.032	0.031	0.027	0.047	0.146	0.354	0.395	0.208	0.074	0.039	0.033	0.030	0.031	0.037	0.059	0.077	0.078	0.088	0.115	0.131	0.116	0.092	0.094	0.250
492.0	0.150	0.126	0.118	0.104	0.097	0.107	0.097	0.098	0.088	0.099	0.102	0.111	0.112	0.115	0.115	0.110	0.100	0.082	0.070	0.058	0.058	0.051	0.048	0.052	0.047	0.046	0.046	0.046	0.044	0.046	0.047	0.046	0.049	0.050	0.048	0.047	0.049	0.047	0.044	0.043	0.040	0.043	0.042	0.038	0.037	0.035	0.033	0.037	0.036	0.034	0.032	0.035	0.035	0.033	0.031	0.029	0.029	0.054	0.190	0.378	0.349	0.164	0.056	0.034	0.030	0.028	0.031	0.038	0.058	0.075	0.077	0.083	0.107	0.121	0.108	0.090	0.093
495.0	0.185	0.125	0.111	0.109	0.098	0.105	0.103	0.093	0.089	0.092	0.101	0.104	0.106	0.108	0.108	0.102	0.093	0.081	0.066	0.058	0.055	0.052	0.046	0.046	0.051	0.045	0.044	0.048	0.043	0.047	0.045	0.045	0.047	0.046	0.047	0.045	0.044	0.045	0.044	0.043	0.039	0.043	0.041	0.036	0.038	0.037	0.034	0.036	0.033	0.032	0.032	0.032	0.032	0.030	0.032	0.028	0.027	0.028	0.071	0.233	0.394	0.298	0.121	0.049	0.034	0.030	0.028	0.028	0.038	0.062	0.071	0.071	0.082	0.106	0.118	0.105	0.084
498.0	0.210	0.137	0.115	0.094	0.107	0.110	0.100	0.098	0.089	0.086	0.100	0.105	0.107	0.101	0.102	0.095	0.090	0.073	0.068	0.058	0.057	0.056	0.048	0.048	0.050	0.042	0.043	0.044	0.041	0.044	0.046	0.046	0.045	0.046	0.043	0.043	0.046	0.047	0.044	0.041	0.042	0.040	0.040	0.037	0.035	0.036	0.035	0.035	0.033	0.031	0.030	0.028	0.028	0.030	0.030	0.029	0.030	0.025	0.035	0.095	0.268	0.376	0.254	0.094	0.044	0.032	0.030	0.028	0.028	0.040	0.059	0.069	0.067	0.077	0.101	0.117	0.096
501.0	0.232	0.163	0.131	0.097	0.116	0.113	0.103	0.110	0.094	0.091	0.107	0.106	0.099	0.099	0.109	0.098	0.092	0.072	0.068	0.059	0.055	0.057	0.048	0.049	0.051	0.043	0.045	0.045	0.041	0.043	0.043	0.044	0.044	0.042	0.041	0.040	0.043	0.044	0.041	0.039	0.041	0.041	0.039	0.037	0.034	0.033	0.031	0.036	0.033	0.032	0.031	0.030	0.029	0.029	0.031	0.027	0.029	0.028	0.029	0.039	0.123	0.309	0.362	0.208	0.076	0.040	0.031	0.028	0.028	0.028	0.041	0.060	0.065	0.065	0.076	0.102	0.110
504.0	0.233	0.176	0.134	0.108	0.116	0.109	0.113	0.103	0.098	0.097	0.103	0.105	0.094	0.099	0.107	0.098	0.086	0.073	0.064	0.059	0.058	0.059	0.050	0.050	0.049	0.044	0.046	0.044	0.040	0.043	0.042	0.044	0.042	0.042	0.040	0.040	0.041	0.041	0.041	0.039	0.039	0.040	0.037	0.035	0.032	0.034	0.030	0.032	0.029	0.031	0.029	0.030	0.027	0.028	0.028	0.026	0.029	0.026	0.030	0.028	0.049	0.162	0.340	0.331	0.165	0.062	0.035	0.028	0.028	0.025	0.030	0.042	0.057	0.062	0.065	0.080	0.107
507.0	0.208	0.193	0.155	0.117	0.121	0.105	0.110	0.100	0.099	0.104	0.103	0.104	0.096	0.097	0.097	0.095	0.088	0.070	0.068	0.056	0.056	0.057	0.049	0.048	0.050	0.042	0.042	0.043	0.040	0.042	0.042	0.044	0.044	0.042	0.041	0.039	0.042	0.041	0.039	0.037	0.038	0.038	0.037	0.036	0.032	0.033	0.032	0.030	0.030	0.030	0.028	0.031	0.029	0.027	0.028	0.027	0.029	0.028	0.030	0.027	0.031	0.065	0.198	0.342	0.293	0.133	0.047	0.034	0.029	0.024	0.026	0.030	0.040	0.056	0.064	0.067	0.084
510.0	0.182	0.176	0.164	0.132	0.119	0.112	0.110	0.096	0.098	0.104	0.099	0.107	0.100	0.097	0.094	0.094	0.083	0.073	0.067	0.059	0.058	0.056	0.049	0.050	0.048	0.044	0.043	0.041	0.041	0.041	0.040	0.042	0.044	0.041	0.041	0.039	0.042	0.040	0.038	0.038	0.039	0.036	0.040	0.035	0.033	0.033	0.032	0.031	0.030	0.029	0.029	0.029	0.025	0.028	0.028	0.028	0.028	0.028	0.028	0.027	0.028	0.034	0.080	0.225	0.345	0.252	0.094	0.043	0.031	0.027	0.025	0.025	0.028	0.042	0.060	0.065	0.067
513.0	0.178	0.152	0.167	0.136	0.116	0.121	0.112	0.110	0.101	0.110	0.102	0.110	0.096	0.098	0.095	0.089	0.084	0.074	0.061	0.059	0.056	0.058	0.049	0.052	0.042	0.045	0.044	0.041	0.041	0.042	0.040	0.044	0.043	0.039	0.044	0.039	0.039	0.038	0.036	0.037	0.036	0.036	0.036	0.035	0.033	0.031	0.031	0.032	0.029	0.028	0.029	0.027	0.027	0.026	0.028	0.027	0.028	0.029	0.028	0.027	0.030	0.030	0.033	0.098	0.263	0.329	0.196	0.078	0.039	0.031	0.027	0.023	0.024	0.029	0.046	0.060	0.063
516.0	0.191	0.154	0.180	0.157	0.135	0.130	0.122	0.107	0.105	0.101	0.110	0.109	0.094	0.095	0.093	0.092	0.082	0.075	0.067	0.061	0.060	0.057	0.052	0.048	0.049	0.046	0.047	0.047	0.042	0.042	0.045	0.045	0.042	0.041	0.043	0.039	0.040	0.038	0.036	0.035	0.038	0.037	0.035	0.034	0.032	0.030	0.030	0.031	0.028	0.026	0.030	0.027	0.027	0.028	0.025	0.027	0.026	0.028	0.029	0.029	0.029	0.029	0.024	0.039	0.136	0.294	0.297	0.168	0.060	0.036	0.029	0.024	0.023	0.024	0.030	0.049	0.063
519.0	0.178	0.152	0.175	0.168	0.142	0.125	0.121	0.110	0.110	0.107	0.116	0.108	0.095	0.101	0.100	0.093	0.087	0.075	0.068	0.062	0.062	0.062	0.053	0.053	0.053	0.044	0.046	0.046	0.044	0.040	0.043	0.043	0.041	0.043	0.044	0.039	0.036	0.040	0.035	0.036	0.035	0.035	0.033	0.034	0.033	0.029	0.029	0.032	0.029	0.028	0.028	0.028	0.028	0.026	0.025	0.028	0.026	0.026	0.030	0.032	0.028	0.029	0.027	0.027	0.054	0.162	0.308	0.278	0.128	0.048	0.031	0.027	0.024	0.024	0.025	0.036	0.053
522.0	0.196	0.159	0.166	0.168	0.157	0.139	0.119	0.113	0.116	0.112	0.119	0.109	0.093	0.100	0.100	0.090	0.089	0.074	0.070	0.062	0.062	0.056	0.050	0.054	0.054	0.043	0.047	0.044	0.044	0.042	0.041	0.044	0.041	0.042	0.043	0.039	0.038	0.041	0.034	0.038	0.034	0.037	0.035	0.033	0.032	0.029	0.032	0.031	0.029	0.031	0.027	0.029	0.029	0.027	0.026	0.027	0.027	0.026	0.028	0.030	0.027	0.031	0.029	0.025	0.029	0.066	0.199	0.296	0.229	0.096	0.041	0.030	0.025	0.023	0.025	0.030	0.038
525.0	0.204	0.157	0.163	0.164	0.160	0.155	0.132	0.121	0.120	0.115	0.119	0.114	0.099	0.101	0.103	0.093	0.088	0.075	0.070	0.064	0.061	0.055	0.051	0.054	0.051	0.047	0.050	0.043	0.040	0.044	0.041	0.044	0.039	0.043	0.041	0.040	0.041	0.039	0.032	0.035	0.036	0.037	0.034	0.034	0.033	0.029	0.030	0.030	0.031	0.031	0.028	0.030	0.025	0.023	0.027	0.026	0.026	0.025	0.029	0.029	0.029	0.030	0.029	0.027	0.026	0.035	0.090	0.218	0.294	0.187	0.072	0.033	0.027	0.025	0.025	0.028	0.032
528.0	0.207	0.163	0.163	0.159	0.174	0.164	0.132	0.123	0.116	0.122	0.120	0.115	0.107	0.101	0.099	0.094	0.090	0.085	0.073	0.063	0.065	0.059	0.047	0.055	0.048	0.048	0.051	0.044	0.039	0.043	0.041	0.045	0.042	0.042	0.041	0.040	0.040	0.040	0.037	0.035	0.036	0.034	0.031	0.033	0.034	0.029	0.032	0.032	0.031	0.028	0.027	0.030	0.026	0.023	0.028	0.024	0.026	0.027	0.028	0.028	0.029	0.032	0.028	0.028	0.026	0.030	0.042	0.106	0.243	0.278	0.154	0.056	0.031	0.028	0.025	0.027	0.030
531.0	0.212	0.178	0.182	0.151	0.170	0.176	0.139	0.144	0.130	0.122	0.126	0.120	0.106	0.100	0.100	0.094	0.091	0.079	0.079	0.063	0.065	0.064	0.056	0.057	0.050	0.047	0.049	0.048	0.039	0.044	0.045	0.045	0.042	0.045	0.043	0.039	0.036	0.039	0.036	0.034	0.036	0.035	0.031	0.036	0.033	0.030	0.031	0.033	0.029	0.028	0.027	0.031	0.027	0.026	0.031	0.023	0.026	0.027	0.032	0.028	0.028	0.031	0.028	0.030	0.027	0.027	0.027	0.049	0.137	0.264	0.240	0.114	0.042	0.031	0.027	0.028	0.028
534.0	0.243	0.169	0.182	0.156	0.145	0.183	0.163	0.137	0.136	0.128	0.134	0.129	0.106	0.102	0.103	0.086	0.090	0.077	0.081	0.071	0.067	0.063	0.058	0.054	0.051	0.049	0.052	0.044	0.041	0.044	0.047	0.042	0.045	0.041	0.043	0.039	0.039	0.038	0.039	0.034	0.034	0.037	0.035	0.036	0.033	0.032	0.032	0.029	0.027	0.029	0.032	0.030	0.028	0.027	0.029	0.023	0.028	0.026	0.030	0.028	0.027	0.030	0.031	0.031	0.028	0.028	0.025	0.030	0.060	0.169	0.265	0.204	0.082	0.040	0.032	0.028	0.027
537.0	0.235	0.193	0.194	0.177	0.161	0.187	0.179	0.161	0.139	0.132	0.138	0.129	0.106	0.107	0.104	0.090	0.093	0.084	0.085	0.071	0.067	0.062	0.060	0.057	0.053	0.050	0.054	0.046	0.042	0.047	0.047	0.040	0.043	0.042	0.042	0.039	0.040	0.038	0.039	0.035	0.033	0.038	0.034	0.035	0.032	0.033	0.030	0.029	0.029	0.030	0.031	0.029	0.026	0.027	0.025	0.027	0.027	0.026	0.030	0.028	0.026	0.029	0.030	0.028	0.030	0.030	0.027	0.028	0.032	0.080	0.190	0.256	0.166	0.073	0.037	0.030	0.030
540.0	0.260	0.196	0.201	0.178	0.169	0.184	0.203	0.182	0.156	0.144	0.139	0.139	0.119	0.113	0.108	0.095	0.089	0.092	0.083	0.074	0.067	0.065	0.065	0.055	0.056	0.049	0.048	0.049	0.047	0.049	0.046	0.044	0.045	0.043	0.049	0.042	0.034	0.041	0.037	0.036	0.035	0.040	0.035	0.035	0.034	0.030	0.030	0.030	0.029	0.029	0.032	0.029	0.027	0.030	0.028	0.029	0.029	0.027	0.029	0.029	0.030	0.028	0.028	0.028	0.032	0.031	0.026	0.028	0.029	0.038	0.096	0.218	0.240	0.143	0.060	0.035	0.034
543.0	0.274	0.229	0.230	0.190	0.191	0.190	0.201	0.192	0.168	0.161	0.153	0.153	0.127	0.117	0.111	0.105	0.098	0.091	0.087	0.075	0.066	0.064	0.064	0.060	0.058	0.053	0.050	0.049	0.045	0.046	0.049	0.044	0.048	0.045	0.042	0.041	0.041	0.036	0.037	0.036	0.034	0.040	0.034	0.037	0.036	0.031	0.034	0.033	0.034	0.028	0.033	0.029	0.028	0.030	0.028	0.030	0.030	0.028	0.030	0.032	0.030	0.031	0.029	0.030	0.030	0.029	0.027	0.030	0.027	0.030	0.045	0.120	0.226	0.222	0.112	0.051	0.035
546.0	0.299	0.234	0.244	0.199	0.201	0.186	0.197	0.190	0.183	0.181	0.162	0.159	0.133	0.123	0.114	0.111	0.100	0.095	0.082	0.075	0.066	0.071	0.068	0.063	0.059	0.054	0.052	0.053	0.048	0.047	0.049	0.045	0.045	0.046	0.044	0.040	0.041	0.038	0.039	0.038	0.035	0.041	0.037	0.037	0.033	0.031	0.032	0.034	0.035	0.028	0.031	0.028	0.031	0.029	0.027	0.032	0.027	0.029	0.031	0.031	0.030	0.031	0.029	0.028	0.030	0.030	0.028	0.033	0.030	0.028	0.031	0.054	0.140	0.226	0.190	0.098	0.044
549.0	0.322	0.234	0.260	0.225	0.221	0.211	0.202	0.209	0.198	0.210	0.179	0.170	0.139	0.128	0.122	0.112	0.100	0.095	0.094	0.080	0.076	0.072	0.067	0.069	0.054	0.059	0.059	0.051	0.048	0.045	0.052	0.048	0.045	0.049	0.047	0.043	0.043	0.039	0.036	0.041	0.034	0.040	0.038	0.036	0.035	0.032	0.035	0.037	0.039	0.030	0.033	0.030	0.032	0.031	0.032	0.030	0.025	0.028	0.036	0.031	0.029	0.029	0.028	0.030	0.030	0.032	0.031	0.032	0.029	0.032	0.031	0.032	0.063	0.154	0.233	0.173	0.074
552.0	0.359	0.289	0.274	0.227	0.241	0.242	0.216	0.216	0.227	0.236	0.210	0.200	0.157	0.138	0.127	0.116	0.101	0.096	0.098	0.089	0.077	0.077	0.067	0.068	0.059	0.061	0.059	0.052	0.051	0.052	0.056	0.051	0.046	0.052	0.047	0.045	0.044	0.039	0.036	0.040	0.038	0.041	0.038	0.037	0.036	0.032	0.032	0.038	0.036	0.031	0.033	0.030	0.028	0.030	0.033	0.030	0.027	0.024	0.038	0.031	0.032	0.030	0.034	0.032	0.034	0.037	0.030	0.034	0.031	0.032	0.034	0.029	0.034	0.079	0.180	0.219	0.141
555.0	0.356	0.319	0.319	0.261	0.256	0.261	0.255	0.230	0.260	0.318	0.350	0.321	0.205	0.157	0.141	0.129	0.120	0.100	0.100	0.092	0.077	0.085	0.069	0.067	0.061	0.064	0.061	0.061	0.052	0.053	0.052	0.054	0.049	0.051	0.048	0.048	0.044	0.042	0.038	0.040	0.043	0.042	0.038	0.041	0.037	0.033	0.034	0.041	0.035	0.031	0.035	0.033	0.028	0.031	0.033	0.031	0.030	0.025	0.039	0.035	0.032	0.033	0.032	0.033	0.034	0.035	0.030	0.031	0.034	0.034	0.035	0.030	0.029	0.040	0.106	0.203	0.201
558.0	0.574	0.473	0.511	0.426	0.455	0.432	0.417	0.428	0.490	0.988	1.467	1.102	0.485	0.231	0.162	0.150	0.131	0.109	0.109	0.098	0.086	0.087	0.074	0.079	0.067	0.072	0.069	0.061	0.056	0.056	0.056	0.055	0.055	0.053	0.051	0.048	0.045	0.047	0.041	0.046	0.044	0.042	0.043	0.041	0.037	0.036	0.032	0.041	0.040	0.035	0.037	0.035	0.035	0.032	0.035	0.034	0.029	0.032	0.039	0.037	0.038	0.040	0.034	0.032	0.034	0.036	0.033	0.032	0.034	0.036	0.035	0.032	0.026	0.031	0.051	0.134	0.215
561.0	1.358	1.257	1.250	1.192	1.182	1.219	1.197	1.292	1.535	4.022	7.814	5.415	1.708	0.471	0.228	0.168	0.147	0.127	0.115	0.104	0.089	0.092	0.081	0.085	0.076	0.072	0.070	0.067	0.057	0.057	0.060	0.061	0.058	0.052	0.056	0.052	0.041	0.048	0.044	0.042	0.046	0.046	0.047	0.040	0.044	0.038	0.034	0.041	0.043	0.041	0.041	0.037	0.039	0.034	0.034	0.036	0.030	0.033	0.041	0.037	0.038	0.038	0.036	0.033	0.035	0.042	0.036	0.034	0.037	0.040	0.036	0.038	0.029	0.035	0.040	0.078	0.171
564.0	3.131	3.052	3.016	2.982	2.930	2.936	3.004	3.233	3.986	9.186	25.72	21.68	6.031	1.078	0.374	0.197	0.155	0.144	0.127	0.118	0.105	0.097	0.089	0.091	0.084	0.076	0.069	0.074	0.065	0.059	0.063	0.056	0.067	0.060	0.058	0.056	0.049	0.044	0.047	0.044	0.043	0.056	0.049	0.043	0.048	0.041	0.039	0.044	0.043	0.038	0.048	0.040	0.040	0.039	0.037	0.038	0.038	0.041	0.041	0.039	0.040	0.042	0.040	0.034	0.040	0.046	0.040	0.042	0.041	0.047	0.042	0.048	0.040	0.043	0.044	0.057	0.112
567.0	5.554	5.301	5.336	5.276	5.226	5.255	5.370	5.762	7.156	14.08	48.83	58.09	20.35	2.827	0.574	0.264	0.186	0.167	0.149	0.132	0.117	0.111	0.105	0.092	0.094	0.082	0.083	0.076	0.070	0.065	0.061	0.062	0.064	0.066	0.059	0.053	0.054	0.049	0.047	0.047	0.048	0.050	0.049	0.048	0.049	0.042	0.042	0.047	0.048	0.041	0.046	0.041	0.043	0.038	0.041	0.039	0.044	0.043	0.044	0.042	0.043	0.046	0.048	0.046	0.047	0.057	0.053	0.050	0.054	0.058	0.057	0.055	0.053	0.056	0.052	0.068	0.088
570.0	7.264	7.072	7.125	7.138	7.062	6.992	7.204	7.756	9.695	18.14	52.59	95.38	55.81	9.344	0.905	0.310	0.211	0.189	0.161	0.149	0.132	0.123	0.111	0.110	0.103	0.090	0.095	0.079	0.079	0.072	0.069	0.068	0.067	0.075	0.066	0.061	0.054	0.053	0.048	0.051	0.050	0.052	0.051	0.054	0.050	0.049	0.047	0.051	0.047	0.045	0.045	0.043	0.043	0.040	0.045	0.044	0.045	0.041	0.049	0.050	0.051	0.053	0.050	0.050	0.048	0.060	0.057	0.059	0.062	0.066	0.066	0.066	0.059	0.067	0.064	0.079	0.089
573.0	8.209	8.045	8.030	7.984	7.992	8.007	8.267	8.832	11.13	20.83	42.62	100.8	108.4	31.74	3.047	0.362	0.256	0.210	0.186	0.166	0.147	0.136	0.127	0.110	0.103	0.101	0.107	0.092	0.084	0.079	0.079	0.068	0.071	0.080	0.065	0.061	0.063	0.060	0.052	0.054	0.052	0.060	0.054	0.056	0.055	0.050	0.051	0.051	0.050	0.052	0.055	0.051	0.049	0.046	0.051	0.048	0.050	0.049	0.056	0.054	0.055	0.061	0.055	0.057	0.057	0.059	0.059	0.064	0.068	0.073	0.068	0.065	0.065	0.073	0.078	0.087	0.088
576.0	8.650	8.477	8.504	8.484	8.512	8.513	8.638	9.278	11.83	22.43	39.94	69.71	137.3	80.82	13.35	0.621	0.310	0.240	0.213	0.180	0.162	0.139	0.133	0.127	0.103	0.108	0.097	0.087	0.090	0.087	0.082	0.077	0.079	0.084	0.077	0.068	0.065	0.067	0.058	0.065	0.062	0.067	0.060	0.060	0.062	0.052	0.054	0.057	0.053	0.054	0.057	0.056	0.051	0.055	0.050	0.055	0.057	0.050	0.060	0.058	0.060	0.066	0.058	0.060	0.057	0.062	0.067	0.071	0.069	0.076	0.074	0.069	0.063	0.072	0.079	0.094	0.088
579.0	8.963	8.695	8.773	8.732	8.862	8.774	8.958	9.694	12.21	23.82	41.46	42.96	119.6	139.4	45.01	2.772	0.341	0.269	0.233	0.199	0.178	0.159	0.135	0.132	0.110	0.118	0.110	0.098	0.088	0.092	0.091	0.083	0.090	0.086	0.074	0.074	0.072	0.062	0.068	0.069	0.064	0.071	0.065	0.058	0.060	0.054	0.058	0.061	0.056	0.051	0.059	0.060	0.061	0.057	0.060	0.052	0.059	0.057	0.064	0.061	0.058	0.062	0.065	0.060	0.064	0.071	0.074	0.076	0.077	0.084	0.080	0.074	0.068	0.072	0.086	0.100	0.100
582.0	8.987	8.808	8.894	8.818	8.978	9.038	9.086	9.850	12.51	24.44	42.80	36.23	65.00	160.1	106.8	14.05	0.693	0.291	0.250	0.214	0.192	0.189	0.144	0.147	0.105	0.125	0.122	0.115	0.105	0.094	0.100	0.083	0.091	0.094	0.072	0.077	0.079	0.066	0.076	0.064	0.073	0.074	0.063	0.057	0.059	0.060	0.059	0.064	0.065	0.048	0.060	0.062	0.061	0.059	0.052	0.057	0.067	0.060	0.068	0.066	0.063	0.058	0.064	0.064	0.064	0.076	0.074	0.074	0.087	0.084	0.085	0.081	0.076	0.077	0.086	0.103	0.099
585.0	8.760	8.814	8.771	8.875	8.699	8.893	9.035	9.713	12.28	24.35	42.81	35.70	25.96	125.9	166.3	49.14	3.641	0.362	0.295	0.240	0.200	0.215	0.165	0.158	0.122	0.131	0.122	0.123	0.106	0.103	0.110	0.087	0.092	0.107	0.082	0.091	0.092	0.074	0.082	0.074	0.084	0.081	0.077	0.068	0.065	0.064	0.065	0.068	0.067	0.057	0.063	0.065	0.058	0.070	0.058	0.063	0.069	0.061	0.074	0.069	0.069	0.071	0.069	0.073	0.073	0.079	0.064	0.082	0.085	0.083	0.084	0.075	0.083	0.078	0.086	0.107	0.099
588.0	8.680	8.605	8.411	8.547	8.687	8.711	8.886	9.474	11.79	24.12	41.97	35.40	15.61	59.24	177.5	117.8	18.51	0.800	0.327	0.271	0.238	0.237	0.167	0.164	0.132	0.155	0.135	0.133	0.114	0.110	0.124	0.099	0.096	0.112	0.093	0.094	0.098	0.092	0.088	0.074	0.085	0.084	0.076	0.072	0.072	0.063	0.066	0.084	0.068	0.061	0.063	0.076	0.068	0.069	0.067	0.067	0.071	0.066	0.066	0.066	0.072	0.078	0.074	0.082	0.080	0.074	0.073	0.082	0.087	0.084	0.092	0.076	0.080	0.080	0.091	0.105	0.103
591.0	8.400	8.141	8.207	8.156	8.479	8.461	8.733	9.096	11.40	23.34	40.92	34.23	14.40	16.38	127.2	185.7	63.23	4.585	0.395	0.317	0.224	0.246	0.198	0.190	0.162	0.154	0.131	0.148	0.131	0.121	0.131	0.111	0.110	0.117	0.106	0.094	0.105	0.101	0.094	0.081	0.088	0.095	0.085	0.073	0.078	0.072	0.072	0.078	0.073	0.061	0.067	0.074	0.071	0.076	0.068	0.068	0.074	0.071	0.078	0.078	0.077	0.084	0.079	0.088	0.085	0.087	0.083	0.094	0.080	0.086	0.081	0.073	0.082	0.086	0.094	0.105	0.115
594.0	8.249	8.055	8.160	8.174	8.201	8.317	8.390	8.862	11.01	22.82	39.89	33.16	14.00	6.233	53.95	200.4	140.0	22.12	0.863	0.359	0.282	0.270	0.213	0.210	0.187	0.167	0.149	0.155	0.143	0.129	0.134	0.105	0.113	0.114	0.094	0.100	0.107	0.102	0.098	0.082	0.090	0.094	0.090	0.093	0.078	0.076	0.072	0.080	0.077	0.068	0.075	0.077	0.073	0.077	0.063	0.075	0.078	0.074	0.078	0.080	0.079	0.084	0.087	0.089	0.086	0.087	0.075	0.092	0.083	0.089	0.091	0.081	0.079	0.085	0.096	0.112	0.112
597.0	7.979	7.859	7.922	7.849	8.156	8.120	8.398	8.708	10.79	22.33	38.81	31.95	13.57	5.306	12.33	144.7	211.0	75.24	4.986	0.444	0.340	0.300	0.228	0.225	0.197	0.170	0.162	0.177	0.135	0.142	0.140	0.121	0.126	0.117	0.109	0.103	0.105	0.107	0.105	0.090	0.099	0.100	0.093	0.090	0.090	0.081	0.077	0.088	0.085	0.078	0.088	0.084	0.082	0.078	0.072	0.077	0.081	0.077	0.075	0.082	0.088	0.093	0.082	0.092	0.083	0.104	0.076	0.096	0.087	0.086	0.096	0.081	0.083	0.088	0.090	0.113	0.113
600.0	8.095	7.999	8.178	8.077	8.312	8.520	8.308	8.769	10.97	22.85	39.51	32.79	13.57	5.577	4.142	94.70	234.7	129.3	12.69	0.626	0.324	0.308	0.268	0.267	0.231	0.187	0.165	0.181	0.146	0.135	0.172	0.134	0.123	0.137	0.136	0.128	0.106	0.132	0.112	0.107	0.100	0.111	0.104	0.100	0.091	0.100	0.091	0.093	0.091	0.075	0.075	0.092	0.078	0.081	0.089	0.076	0.080	0.087	0.086	0.084	0.083	0.104	0.080	0.092	0.089	0.105	0.078	0.092	0.098	0.093	0.097	0.091	0.098	0.080	0.105	0.135	0.126
