270.0	 1225	 1375	 1587	 1710	 2234	 7139	9999.9	 9649	 3162	492.6	30.72	13.55	9.688	7.712	6.956	6.257	5.649	5.285	4.650	4.463	3.895	3.432	3.206	2.666	2.537	2.307	2.144	2.050	1.846	1.708	1.705	1.568	1.417	1.357	1.308	1.194	1.166	1.043	1.057	1.029	0.960	1.084	0.897	0.901	0.862	0.828	0.758	0.686	0.692	0.578	0.575
273.0	 1725	 2014	 2290	 2403	 2261	 3018	 6429	9999.9	 9942	 3683	504.5	42.77	12.36	9.604	8.290	7.098	6.230	5.642	5.016	4.829	4.080	3.774	3.357	2.862	2.611	2.386	2.240	2.154	1.990	1.828	1.739	1.687	1.486	1.421	1.331	1.340	1.217	1.330	1.168	1.022	0.984	1.172	0.925	0.893	0.950	0.911	0.811	0.718	0.687	0.656	0.613
276.0	 2077	 2511	 2890	 3001	 2733	 2570	 2761	 6152	9999.9	9999.9	 3273	597.0	36.96	11.81	9.804	8.181	7.001	6.439	5.787	4.993	4.678	3.986	3.549	3.125	2.743	2.534	2.386	2.156	2.121	1.942	1.790	1.795	1.586	1.515	1.408	1.331	1.233	1.328	1.250	1.091	1.106	1.229	0.971	1.038	0.956	0.951	0.873	0.720	0.752	0.681	0.667
279.0	 2225	 2688	 3212	 3357	 3009	 2726	 2081	 1991	 6157	9999.9	 9717	 3588	432.1	32.18	12.35	9.243	8.051	7.023	6.034	5.576	4.792	4.264	3.830	3.349	2.908	2.801	2.433	2.294	2.270	2.030	1.891	1.834	1.676	1.605	1.405	1.403	1.301	1.291	1.266	1.069	1.088	1.188	1.018	1.008	1.046	0.988	0.823	0.777	0.786	0.685	0.686
282.0	 2340	 2760	 3322	 3549	 3217	 2890	 2137	 1220	 1664	 5922	9999.9	9999.9	 3045	417.3	35.54	11.68	9.378	7.820	6.785	5.905	5.308	4.450	4.025	3.429	3.109	2.878	2.615	2.454	2.125	2.274	1.983	1.831	1.767	1.662	1.560	1.482	1.274	1.361	1.342	1.130	1.148	1.255	1.107	0.973	1.052	1.035	0.888	0.832	0.807	0.753	0.752
285.0	 2340	 2715	 3194	 3485	 3255	 2927	 2176	 1209	797.5	 1564	 6719	9999.9	 9283	 2842	448.0	29.00	11.22	9.237	7.551	6.732	5.510	5.099	4.343	3.754	3.404	2.923	2.683	2.484	2.330	2.204	2.020	1.784	1.829	1.610	1.602	1.467	1.338	1.382	1.415	1.154	1.159	1.202	1.008	1.080	1.060	0.956	0.860	0.822	0.815	0.741	0.785
288.0	 2233	 2545	 2948	 3191	 3046	 2825	 2130	 1225	742.6	652.7	 1625	 6133	9999.9	 9335	 3046	365.3	28.33	10.88	8.765	7.734	6.258	5.220	4.661	4.021	3.495	3.253	2.784	2.698	2.458	2.287	2.066	2.047	1.832	1.695	1.586	1.488	1.416	1.411	1.566	1.165	1.199	1.306	1.060	1.057	1.043	1.001	0.863	0.822	0.783	0.742	0.732
291.0	 2081	 2326	 2681	 2878	 2737	 2617	 2063	 1241	767.4	578.1	572.9	 1426	 6413	9999.9	 9594	 2828	386.8	28.20	10.40	8.800	7.157	5.564	4.742	4.167	3.772	3.372	2.997	2.595	2.409	2.269	2.086	1.972	1.852	1.827	1.587	1.451	1.452	1.391	1.555	1.221	1.218	1.288	1.014	1.063	1.075	0.990	0.930	0.812	0.842	0.746	0.799
294.0	 1892	 2068	 2367	 2524	 2387	 2306	 1925	 1248	792.8	593.6	464.1	435.4	 1474	 6386	9999.9	 9535	 2630	335.0	23.58	10.20	8.177	6.367	5.307	4.281	3.962	3.440	3.060	2.862	2.619	2.360	2.134	1.953	1.849	1.815	1.633	1.537	1.519	1.355	1.527	1.161	1.168	1.207	1.062	1.037	1.024	0.993	0.838	0.794	0.829	0.756	0.801
297.0	 1694	 1820	 2048	 2177	 2083	 1991	 1696	 1235	843.9	630.9	469.4	332.8	355.6	 1368	 5887	9999.9	 8991	 2726	327.9	26.27	10.30	7.442	5.792	4.756	4.318	3.783	3.298	2.987	2.694	2.518	2.247	2.117	2.016	1.835	1.692	1.636	1.459	1.411	1.666	1.171	1.179	1.136	1.045	1.051	1.031	0.982	0.851	0.816	0.788	0.765	0.829
300.0	 1542	 1628	 1817	 1915	 1846	 1775	 1518	 1170	910.9	698.4	507.6	348.8	248.4	315.4	 1305	 7058	9999.9	 8691	 2544	353.2	23.49	9.490	6.898	5.629	4.805	4.076	3.484	3.189	3.034	2.461	2.296	2.201	1.947	1.886	1.661	1.545	1.497	1.483	1.619	1.245	1.207	1.219	1.024	1.070	1.027	0.960	0.870	0.841	0.790	0.699	0.792
303.0	 1400	 1457	 1605	 1686	 1634	 1581	 1375	 1080	907.2	778.4	577.7	390.7	267.2	214.4	311.9	 1575	 6118	9999.9	 8525	 2646	279.0	21.84	8.299	6.636	5.472	4.428	3.742	3.390	3.032	2.709	2.409	2.226	2.002	1.923	1.650	1.619	1.625	1.477	1.580	1.243	1.216	1.220	1.028	1.068	1.025	1.003	0.943	0.859	0.779	0.741	0.811
306.0	 1254	 1296	 1401	 1473	 1436	 1401	 1246	 1008	849.5	795.7	659.1	462.7	310.6	235.7	221.8	368.1	 1427	 5877	9999.9	 8555	 2561	306.5	20.27	8.238	6.445	5.274	4.252	3.574	3.538	2.930	2.517	2.232	2.102	1.997	1.775	1.769	1.743	1.579	1.643	1.328	1.249	1.234	1.060	1.067	1.127	1.012	0.868	0.837	0.838	0.769	0.819
309.0	 1133	 1155	 1233	 1282	 1261	 1234	 1129	952.4	815.7	766.3	711.7	564.2	386.5	285.8	250.7	256.1	379.7	 1402	 6108	9999.9	 8198	 2413	254.5	18.23	8.197	6.194	4.916	3.928	3.645	3.157	2.739	2.512	2.278	2.148	1.809	1.763	1.760	1.614	1.587	1.331	1.238	1.173	1.115	1.100	1.027	1.048	0.931	0.877	0.821	0.793	0.799
312.0	 1018	 1039	 1099	 1128	 1108	 1096	 1027	909.5	806.8	755.2	716.2	651.9	502.4	366.6	307.9	285.8	291.5	396.3	 1425	 5400	9999.9	 7994	 2363	246.2	19.66	7.918	5.921	4.653	4.055	3.440	2.953	2.589	2.466	2.161	1.927	1.828	1.770	1.583	1.610	1.379	1.359	1.216	1.104	1.105	1.078	1.136	0.934	0.864	0.814	0.846	0.811
315.0	927.8	949.1	993.8	 1013	997.0	992.0	953.7	871.0	801.1	770.6	715.6	663.7	588.5	462.8	370.7	332.2	318.9	307.9	405.3	 1302	 5542	 9987	 7593	 2269	299.1	17.13	7.233	5.725	4.715	3.853	3.170	3.012	2.687	2.322	2.127	1.994	1.845	1.674	1.558	1.392	1.324	1.264	1.218	1.188	1.110	1.096	0.914	0.915	0.841	0.834	0.808
318.0	845.5	868.1	905.6	921.2	913.0	913.2	892.3	848.0	799.3	789.2	734.0	667.8	615.2	551.0	454.7	385.6	360.4	331.0	310.0	393.2	 1319	 5148	 9837	 7330	 2405	230.5	15.52	7.087	5.467	4.390	3.528	3.195	2.792	2.449	2.199	2.024	1.853	1.753	1.642	1.433	1.383	1.260	1.137	1.208	1.171	1.178	0.912	0.875	0.869	0.814	0.781
321.0	775.8	793.2	835.2	858.8	847.0	860.4	859.2	835.4	818.9	819.0	779.8	711.0	635.3	607.7	563.3	477.3	423.2	377.2	336.7	316.6	391.0	 1187	 5001	 9274	 7535	 2249	267.9	17.36	7.149	5.307	4.294	3.620	3.059	2.550	2.435	2.172	1.968	1.874	1.762	1.551	1.457	1.391	1.187	1.197	1.175	1.215	0.943	0.887	0.835	0.898	0.791
324.0	716.5	745.0	786.2	803.7	806.0	816.1	829.9	831.2	841.0	858.9	838.0	777.0	696.8	649.8	637.9	591.2	510.3	434.6	379.8	343.3	304.4	348.1	 1187	 4871	 8917	 6896	 2176	272.7	16.06	6.854	5.063	4.155	3.275	2.852	2.536	2.323	2.139	1.917	1.711	1.702	1.482	1.374	1.326	1.347	1.225	1.206	0.993	0.893	0.879	0.871	0.812
327.0	669.3	695.0	724.6	750.9	754.7	778.0	803.4	820.6	846.3	876.0	871.5	826.6	753.8	693.2	666.6	663.0	604.3	503.4	425.1	377.2	324.6	268.1	310.7	 1104	 4284	 8528	 6768	 2297	263.2	15.57	6.406	5.011	3.938	3.311	2.668	2.355	2.170	2.069	1.897	1.718	1.539	1.414	1.246	1.389	1.237	1.215	1.010	0.966	0.925	0.836	0.810
330.0	620.6	644.8	675.3	697.0	708.3	731.8	760.1	790.3	825.3	862.4	869.9	831.4	766.4	710.3	672.8	659.2	649.6	568.0	463.6	402.5	341.3	276.9	220.0	277.2	970.3	 4307	 8076	 6748	 2372	284.1	14.49	6.324	4.663	3.747	3.161	2.750	2.352	2.141	1.925	1.751	1.505	1.494	1.348	1.399	1.223	1.215	1.063	0.968	0.886	0.778	0.904
333.0	582.6	597.9	631.9	653.6	663.1	688.2	716.0	750.1	787.3	832.6	837.8	807.9	755.0	704.4	668.4	637.1	632.2	596.8	503.4	420.8	351.8	286.1	219.0	183.7	249.4	994.1	 4093	 7867	 7010	 2188	243.8	14.07	5.955	4.245	3.617	2.927	2.534	2.336	1.989	1.790	1.580	1.553	1.402	1.345	1.279	1.274	1.012	0.953	0.947	0.855	0.830
336.0	545.7	557.4	592.3	609.9	625.4	645.0	671.6	708.8	749.3	789.9	807.0	779.7	734.3	690.6	658.3	624.0	594.9	576.2	528.5	450.3	363.7	293.7	225.5	176.8	166.5	246.1	921.5	 3741	 8334	 6313	 2154	283.8	13.98	5.490	4.200	3.390	2.889	2.473	2.180	1.961	1.740	1.515	1.413	1.411	1.328	1.327	1.033	1.026	0.884	0.881	0.852
339.0	519.7	531.0	558.7	579.9	594.5	614.4	639.5	671.9	712.8	754.9	777.0	755.8	716.5	680.1	649.6	615.3	579.8	540.2	517.1	475.1	387.5	303.7	231.8	183.7	162.8	159.6	230.5	856.0	 4203	 7184	 6067	 2225	273.1	12.69	5.319	3.902	3.118	2.884	2.539	1.975	1.945	1.640	1.462	1.342	1.366	1.387	1.028	1.012	0.900	0.850	0.877
342.0	502.8	509.7	528.4	552.0	565.1	586.1	606.1	634.5	676.6	719.9	739.6	725.2	693.3	663.6	635.0	604.2	568.7	521.1	482.5	467.5	416.1	324.4	242.7	189.6	166.7	154.7	148.9	205.5	924.9	 3465	 7169	 6203	 2105	238.7	12.09	4.915	3.691	3.239	2.657	2.201	2.008	1.726	1.476	1.530	1.485	1.400	1.092	1.100	0.912	0.865	0.876
345.0	499.2	491.7	512.0	528.6	536.7	555.9	574.4	602.4	637.9	674.9	698.2	686.7	663.6	636.7	615.8	585.7	551.2	505.5	455.4	432.8	416.5	353.0	259.9	199.6	173.7	160.6	144.3	130.2	195.8	764.6	 3547	 7024	 5760	 1982	264.7	11.72	4.756	3.713	3.066	2.599	2.085	1.862	1.620	1.550	1.452	1.387	1.185	1.102	1.021	0.937	0.946
348.0	490.7	481.4	496.0	507.5	515.6	531.4	540.9	566.5	597.9	628.6	646.8	643.4	620.0	601.4	583.7	558.1	531.2	485.6	436.1	402.0	385.1	359.3	287.3	213.4	179.9	164.0	147.6	124.1	108.8	162.5	794.6	 3443	 6491	 5414	 1964	231.8	10.52	4.897	3.693	2.978	2.519	2.045	1.843	1.665	1.563	1.473	1.269	1.127	1.024	0.954	0.933
351.0	485.1	469.6	482.2	489.2	496.4	510.2	511.1	528.3	554.7	577.9	598.3	593.1	576.7	563.2	545.3	525.3	499.3	462.6	418.2	381.5	349.4	331.1	299.8	236.8	191.1	168.3	150.0	126.1	98.92	90.28	155.5	728.3	 3036	 6198	 5407	 1914	230.0	11.58	4.767	3.355	2.877	2.327	2.044	1.842	1.725	1.584	1.322	1.148	1.020	1.014	0.928
354.0	479.8	459.7	466.7	472.3	479.6	486.5	491.1	498.4	516.7	537.6	554.5	547.1	536.4	524.8	511.6	495.7	471.9	439.0	400.6	365.3	332.1	302.7	284.9	255.8	211.1	174.7	153.7	128.9	101.4	81.70	78.60	142.3	675.6	 3085	 5967	 5144	 1776	245.2	10.62	4.807	3.533	2.816	2.313	2.073	1.778	1.674	1.359	1.171	1.104	1.056	1.022
357.0	475.1	447.2	453.3	458.9	465.6	469.2	465.9	472.4	486.3	500.7	511.7	507.3	499.4	488.3	481.2	466.5	447.5	418.9	382.6	353.4	321.3	286.9	258.3	249.9	233.0	191.3	159.2	132.3	103.4	83.52	67.63	70.26	131.5	656.6	 2804	 5882	 5039	 1872	211.4	11.11	5.210	3.610	2.865	2.425	2.065	1.800	1.452	1.300	1.146	1.119	1.076
360.0	471.3	442.6	448.9	450.9	455.0	460.5	455.5	455.3	464.7	471.9	480.1	480.3	471.3	462.0	458.6	446.4	431.1	406.7	376.4	352.7	322.5	288.7	248.4	228.3	232.9	217.3	176.3	140.5	110.3	88.40	72.38	62.56	67.40	130.4	593.3	 2801	 5751	 4970	 1773	234.1	12.70	5.533	4.004	2.965	2.567	2.084	1.648	1.443	1.276	1.181	1.095
363.0	482.2	448.7	454.3	461.4	463.9	467.4	466.3	464.1	463.0	462.3	465.8	463.8	458.0	453.3	450.0	443.4	431.6	412.6	388.7	365.9	337.2	301.8	257.6	224.0	220.2	229.2	206.2	160.4	124.0	99.99	82.70	73.61	67.52	74.18	127.9	620.7	 2868	 5378	 4754	 1717	226.3	12.82	6.043	4.238	3.491	2.675	1.945	1.603	1.304	1.191	1.207
366.0	511.7	478.2	482.7	493.8	500.9	509.0	510.3	508.0	497.2	484.2	478.3	474.2	470.4	468.8	469.8	469.6	462.8	449.2	431.2	410.7	379.6	335.7	281.7	239.3	221.1	226.3	232.2	197.3	150.0	122.2	103.0	94.36	88.65	82.83	86.78	143.1	639.3	 2494	 5423	 4642	 1748	218.9	13.67	6.397	4.709	3.505	2.449	1.881	1.507	1.234	1.305
369.0	558.2	526.3	538.8	552.1	569.3	581.5	590.6	586.0	564.5	538.6	518.1	513.8	510.2	512.5	518.7	525.0	527.6	522.5	507.5	489.3	451.2	394.0	323.8	267.5	240.5	233.8	241.7	235.1	192.2	156.2	134.8	125.3	118.9	111.6	102.3	106.9	166.7	583.7	 2701	 5107	 4624	 1656	240.4	13.52	7.314	4.856	3.175	2.303	1.801	1.463	1.324
372.0	620.5	601.0	611.0	636.4	663.8	685.1	701.5	702.3	663.6	616.8	580.0	573.5	574.4	581.4	596.1	610.5	619.8	621.5	616.5	601.5	556.2	479.0	382.6	308.8	270.7	253.4	251.3	256.4	241.9	205.0	172.9	162.6	154.0	144.1	132.2	122.9	131.7	182.4	651.2	 2504	 5205	 4360	 1713	202.1	14.89	7.959	4.582	2.964	2.115	1.689	1.485
375.0	711.8	693.6	721.1	758.0	797.5	836.5	867.7	878.9	828.7	752.3	698.9	692.6	696.2	697.0	712.3	730.4	748.4	759.3	762.6	752.4	699.1	594.8	464.9	362.1	313.3	289.8	280.1	276.6	279.5	263.9	228.5	211.1	200.4	186.2	171.1	158.9	154.3	162.6	211.0	603.9	 2502	 4855	 4554	 1599	231.0	21.25	8.950	4.609	2.915	2.123	1.793
378.0	851.7	853.7	901.8	962.6	 1037	 1110	 1174	 1221	 1168	 1064	996.5	 1003	988.7	932.5	898.1	896.3	910.4	927.7	938.3	930.2	869.9	739.6	571.3	435.6	373.7	348.4	337.9	327.3	326.1	330.5	316.7	293.6	274.9	255.4	234.3	220.4	217.7	218.9	211.8	221.9	613.0	 2410	 4932	 4155	 1624	269.3	28.24	11.17	5.392	3.125	2.279
381.0	 1102	 1123	 1204	 1331	 1476	 1621	 1769	 1899	 1886	 1752	 1669	 1706	 1634	 1400	 1217	 1139	 1130	 1140	 1157	 1160	 1090	930.5	720.9	558.7	479.1	449.7	447.1	437.4	427.6	433.2	445.5	442.9	416.1	379.8	350.6	332.5	345.3	362.2	326.4	259.4	245.1	604.7	 2381	 4703	 4272	 1747	246.7	30.72	11.17	5.398	3.424
384.0	 1381	 1433	 1555	 1745	 1961	 2211	 2440	 2668	 2710	 2547	 2439	 2519	 2381	 1933	 1575	 1405	 1367	 1373	 1392	 1399	 1320	 1139	889.3	693.3	598.9	567.3	568.4	566.8	554.8	551.1	577.1	605.2	583.2	524.0	483.8	463.4	490.7	532.0	475.7	352.9	269.7	270.2	682.5	 2471	 4752	 4337	 1551	250.4	22.26	8.596	4.891
387.0	 1556	 1617	 1782	 1993	 2262	 2541	 2820	 3099	 3154	 2957	 2833	 2927	 2771	 2247	 1810	 1604	 1560	 1565	 1591	 1604	 1517	 1306	 1019	792.0	680.8	644.3	644.9	643.3	634.0	630.3	648.8	688.8	686.7	622.4	566.3	542.2	575.3	623.2	559.4	413.6	301.9	256.9	323.4	823.2	 2512	 4702	 3929	 1475	211.9	14.10	6.410
390.0	 1611	 1680	 1834	 2068	 2324	 2605	 2879	 3143	 3166	 2948	 2804	 2891	 2750	 2279	 1897	 1720	 1694	 1712	 1748	 1765	 1668	 1428	 1102	845.2	719.6	671.8	669.4	666.0	657.9	655.5	666.0	696.1	705.2	658.6	600.1	566.2	590.6	630.2	563.3	421.5	306.0	246.5	271.1	423.9	819.8	 2299	 4331	 3758	 1516	199.1	12.18
393.0	 1616	 1686	 1839	 2066	 2301	 2558	 2815	 3035	 3018	 2785	 2629	 2694	 2588	 2211	 1914	 1792	 1787	 1822	 1862	 1880	 1776	 1517	 1159	875.6	735.5	679.5	672.0	663.5	655.2	653.3	663.4	681.4	686.2	658.3	612.1	568.8	581.0	606.4	539.2	406.9	296.3	234.3	239.5	338.6	414.2	670.6	 2178	 4004	 3793	 1400	202.6
396.0	 1595	 1670	 1823	 2028	 2251	 2488	 2719	 2913	 2856	 2599	 2435	 2483	 2415	 2121	 1903	 1827	 1848	 1887	 1937	 1960	 1851	 1574	 1191	892.2	742.5	680.6	665.0	656.5	647.3	644.3	653.8	668.4	664.8	635.3	610.5	574.6	566.8	578.3	512.2	389.0	286.4	226.8	222.5	292.8	327.1	279.6	533.6	 1891	 4142	 3649	 1419
399.0	 1590	 1665	 1809	 2004	 2215	 2436	 2664	 2834	 2752	 2491	 2317	 2361	 2305	 2066	 1895	 1856	 1881	 1933	 1987	 2014	 1895	 1615	 1218	906.9	748.7	682.6	665.0	654.5	646.0	641.9	649.8	663.5	657.8	622.0	599.9	581.6	576.2	569.6	499.6	384.4	285.7	227.9	220.5	276.3	295.5	226.0	168.7	430.3	 1951	 3892	 3583
402.0	 1587	 1680	 1837	 2036	 2245	 2480	 2697	 2872	 2794	 2520	 2345	 2386	 2337	 2093	 1917	 1877	 1905	 1955	 2009	 2037	 1927	 1641	 1240	924.8	767.3	695.2	676.0	667.7	656.4	654.8	663.5	679.5	669.9	636.6	605.4	595.0	602.3	596.0	519.2	400.2	303.1	245.5	238.2	296.7	313.3	230.9	140.7	125.1	433.2	 1840	 3779
405.0	 1619	 1707	 1868	 2077	 2311	 2553	 2791	 2990	 2918	 2650	 2472	 2528	 2452	 2168	 1959	 1897	 1912	 1961	 2013	 2043	 1932	 1653	 1256	943.0	785.3	715.7	698.2	687.7	678.9	678.0	689.5	705.1	699.4	663.2	628.4	612.3	632.2	644.9	563.9	433.9	333.0	276.1	272.0	337.6	359.0	263.6	153.4	107.3	120.1	414.0	 1749
408.0	 1624	 1701	 1861	 2082	 2312	 2570	 2811	 3015	 2960	 2694	 2519	 2569	 2499	 2189	 1955	 1880	 1897	 1940	 1992	 2015	 1912	 1637	 1253	945.0	791.8	720.1	704.9	695.3	688.3	684.9	699.2	715.7	709.5	674.5	641.3	621.0	636.4	665.7	594.7	459.5	353.9	297.7	295.7	367.5	391.0	293.7	172.8	115.5	100.7	125.2	411.6
411.0	 1555	 1634	 1796	 2004	 2222	 2464	 2700	 2886	 2834	 2583	 2413	 2462	 2399	 2110	 1891	 1819	 1840	 1876	 1931	 1954	 1859	 1592	 1219	922.8	772.8	704.8	688.2	676.0	669.0	669.2	681.3	697.6	691.6	658.6	627.5	606.6	616.6	640.0	588.1	465.7	358.5	302.8	301.7	369.2	390.6	299.8	184.5	126.0	105.9	107.7	136.3
414.0	 1460	 1541	 1699	 1889	 2089	 2307	 2519	 2697	 2632	 2384	 2236	 2273	 2224	 1981	 1800	 1745	 1767	 1805	 1856	 1878	 1783	 1527	 1173	891.1	744.3	678.6	659.9	646.8	637.8	640.0	650.0	664.0	656.5	628.1	600.4	581.5	586.6	599.1	552.1	453.9	359.6	300.4	295.8	354.3	371.4	289.9	188.2	137.4	114.3	112.7	121.0
417.0	 1373	 1438	 1582	 1749	 1937	 2139	 2323	 2473	 2411	 2176	 2024	 2057	 2025	 1831	 1689	 1656	 1679	 1717	 1759	 1781	 1691	 1452	 1115	847.2	708.9	643.5	622.6	611.0	599.5	602.6	611.5	623.2	614.0	592.7	569.6	548.6	548.8	555.1	506.5	424.2	353.1	300.2	287.2	333.3	345.8	275.9	187.6	142.8	123.4	119.0	122.7
420.0	 1258	 1327	 1452	 1609	 1764	 1934	 2107	 2231	 2161	 1949	 1806	 1833	 1807	 1662	 1553	 1535	 1564	 1599	 1638	 1660	 1575	 1358	 1040	794.7	664.1	603.0	578.8	568.1	558.9	558.5	568.1	576.8	571.8	550.1	529.1	511.5	509.3	510.1	463.9	389.6	334.7	296.6	279.9	310.2	317.9	259.2	184.6	144.7	129.0	125.3	125.1
423.0	 1163	 1226	 1337	 1477	 1614	 1767	 1922	 2020	 1954	 1758	 1629	 1647	 1632	 1512	 1428	 1421	 1454	 1485	 1524	 1542	 1465	 1261	973.4	741.0	624.0	563.6	541.4	529.5	522.6	521.3	528.7	536.5	531.0	513.4	497.7	481.2	477.1	474.8	432.5	365.6	312.4	288.8	279.7	297.2	300.0	247.1	182.0	145.6	131.2	128.2	128.2
426.0	 1065	 1127	 1229	 1357	 1489	 1625	 1765	 1855	 1787	 1612	 1489	 1503	 1489	 1382	 1317	 1307	 1335	 1369	 1402	 1421	 1346	 1163	901.5	691.9	581.0	526.9	505.9	492.7	487.2	488.2	494.1	502.2	496.7	482.3	466.7	453.0	450.4	448.7	411.3	348.8	297.3	274.8	277.4	295.9	291.5	241.3	181.0	148.5	133.8	130.1	129.0
429.0	987.1	 1045	 1137	 1252	 1368	 1502	 1622	 1712	 1652	 1490	 1377	 1392	 1377	 1280	 1209	 1202	 1223	 1256	 1285	 1300	 1235	 1069	828.3	640.8	543.1	494.0	475.2	464.2	457.4	458.2	465.7	471.1	467.5	455.8	442.8	431.8	430.1	430.2	394.2	337.8	289.7	265.4	269.1	296.1	292.9	240.9	182.3	150.9	136.6	132.2	130.3
432.0	916.4	959.3	 1046	 1155	 1260	 1381	 1495	 1577	 1527	 1374	 1277	 1287	 1269	 1179	 1111	 1103	 1122	 1147	 1174	 1185	 1129	980.4	763.9	594.9	506.2	462.4	444.3	435.3	429.8	428.4	437.0	444.0	439.5	429.0	419.9	410.7	408.1	408.4	379.6	325.9	284.1	260.1	258.7	288.3	293.4	243.7	182.6	153.5	139.3	133.3	130.7
435.0	837.2	870.2	956.6	 1045	 1150	 1261	 1357	 1425	 1388	 1251	 1164	 1175	 1159	 1077	 1010	 1005	 1018	 1038	 1062	 1076	 1025	889.7	701.3	548.5	467.3	426.8	410.3	403.0	396.4	398.2	404.4	410.9	410.2	400.6	390.0	384.3	383.4	383.5	358.1	312.6	273.5	252.6	248.9	271.3	282.0	243.6	185.2	154.5	140.3	134.2	130.0
438.0	752.4	789.4	865.3	941.2	 1031	 1130	 1217	 1284	 1241	 1124	 1043	 1053	 1040	968.9	914.6	907.4	921.9	939.5	956.2	970.5	921.1	801.0	634.0	499.1	428.1	392.2	378.4	369.6	364.8	367.0	372.3	377.7	375.4	369.2	362.3	355.6	355.8	356.3	333.0	292.9	260.2	242.0	236.6	253.4	259.8	233.7	187.8	155.9	139.7	133.4	130.0
441.0	673.3	711.0	782.8	841.8	921.1	 1004	 1082	 1139	 1107	999.6	931.1	935.5	928.3	864.5	823.5	821.3	830.5	845.8	860.0	867.8	828.0	722.0	571.3	454.1	391.2	358.2	345.1	336.5	333.0	333.5	338.7	344.3	342.4	337.7	333.4	328.1	326.2	327.4	306.6	272.8	243.6	228.3	223.5	236.4	237.8	216.0	184.2	158.7	139.0	132.0	128.1
444.0	606.6	640.2	704.4	756.7	822.4	893.7	962.5	 1011	981.3	890.2	826.8	833.9	825.5	777.9	742.1	742.4	751.3	758.9	774.0	781.1	740.9	646.5	514.2	411.3	355.0	325.8	312.9	306.0	301.9	304.4	308.7	312.5	313.0	309.4	306.1	301.9	299.5	300.8	282.9	253.6	228.7	214.3	210.9	220.1	220.4	197.2	173.3	159.3	141.9	131.5	125.6
447.0	542.5	574.6	636.5	677.4	740.1	802.4	857.5	901.4	874.1	794.9	737.0	742.6	736.9	700.8	674.8	674.1	679.6	684.3	695.5	700.7	666.9	584.9	468.2	372.9	325.8	298.8	286.8	280.4	277.4	278.2	283.3	286.6	287.7	284.3	281.8	278.4	275.5	275.0	260.7	238.0	215.7	203.1	199.4	207.4	205.5	184.3	161.0	152.9	144.7	133.1	123.9
450.0	495.7	520.0	571.3	605.6	657.1	711.6	766.2	795.4	774.4	703.7	657.0	657.2	659.2	628.6	606.1	606.2	613.7	615.5	622.1	624.6	594.3	522.4	420.5	338.7	295.0	272.6	260.5	256.0	251.4	254.1	257.2	259.9	261.6	259.1	258.2	255.9	255.0	253.6	242.1	219.7	202.5	191.9	188.6	194.3	192.7	174.0	152.0	141.7	139.8	135.3	123.8
453.0	452.3	470.1	518.5	549.3	599.2	642.3	686.9	718.0	696.8	635.0	593.8	595.1	594.7	571.8	553.1	553.7	559.9	558.6	564.1	564.9	536.4	470.7	382.4	309.6	270.3	251.7	240.8	235.3	233.1	233.4	237.3	239.4	241.1	240.2	240.1	238.3	236.5	236.7	226.5	208.1	193.1	184.2	181.1	185.2	183.0	166.3	146.6	135.1	132.4	133.3	127.4
456.0	410.2	434.1	476.8	500.8	544.6	587.6	624.5	653.4	631.7	576.9	543.3	546.3	540.8	522.8	507.3	508.8	510.7	510.2	511.8	511.5	487.0	428.7	349.5	285.6	249.8	231.6	223.6	218.5	216.8	217.3	220.0	224.2	225.1	224.6	224.8	223.6	223.2	222.7	215.3	199.9	184.8	177.4	174.0	177.6	176.2	161.1	143.5	131.3	125.8	127.0	128.4
459.0	379.2	394.3	438.3	459.7	497.3	532.4	568.3	591.4	573.1	527.8	496.5	495.7	495.9	475.9	463.6	466.2	468.6	463.5	462.6	460.0	440.0	387.0	317.6	261.6	231.5	214.1	208.1	202.6	200.7	202.1	205.2	207.8	210.3	210.1	210.4	210.0	210.4	210.3	203.5	190.6	178.2	171.1	167.8	171.2	169.0	155.6	139.6	129.0	122.2	120.0	121.2
462.0	349.5	364.2	398.4	420.5	457.0	485.4	516.5	534.6	521.2	480.7	451.5	455.0	453.5	433.7	426.4	429.4	430.4	424.9	421.3	417.8	398.5	353.5	291.0	239.5	213.8	199.6	192.5	187.2	185.8	187.4	191.7	194.4	195.5	196.1	197.3	198.1	198.9	198.9	192.1	181.3	171.3	165.2	162.8	163.7	161.5	149.8	135.3	126.1	119.3	115.3	113.6
465.0	320.6	335.4	364.4	384.9	410.7	443.2	469.8	486.0	475.4	438.3	414.9	415.7	418.6	400.1	392.3	394.5	395.7	390.3	384.0	379.7	359.9	320.6	266.0	219.8	198.7	184.3	178.3	174.0	173.1	174.8	178.4	181.3	182.5	183.6	185.5	186.5	187.2	187.3	181.9	173.3	163.5	158.2	156.4	158.0	155.6	144.3	131.4	123.1	116.7	112.8	108.3
468.0	290.6	309.2	335.9	350.9	377.1	399.4	422.4	440.0	429.3	396.0	377.2	379.6	379.5	366.8	358.3	363.3	361.8	354.9	346.8	343.9	324.3	288.8	243.0	200.3	182.1	170.3	164.0	161.2	159.5	161.4	163.8	167.0	168.5	170.6	172.8	173.1	174.0	174.0	169.6	162.2	155.5	151.0	148.5	148.8	147.3	137.2	126.1	118.2	112.5	109.4	104.4
471.0	272.4	286.0	305.5	321.6	342.3	364.4	382.6	396.0	390.3	363.2	346.7	349.2	347.0	337.1	332.7	336.7	336.8	328.8	318.9	311.2	292.9	261.3	219.2	185.6	168.3	156.1	151.8	148.3	148.8	149.0	152.3	154.9	158.0	159.0	160.5	161.3	162.6	163.4	159.5	153.0	147.0	144.0	141.0	141.8	138.8	131.1	121.5	114.7	109.5	105.9	101.6
474.0	251.0	261.4	281.2	295.2	311.7	332.2	346.5	358.3	351.7	330.5	315.7	314.3	315.8	309.9	308.1	308.3	309.8	300.5	289.5	280.9	265.6	237.1	199.0	168.2	154.2	143.6	139.9	137.2	136.9	138.2	140.5	142.5	145.2	146.9	148.9	148.9	151.8	151.7	148.8	143.7	138.4	134.4	133.6	134.3	131.4	124.7	115.6	110.7	105.7	102.1	98.05
477.0	234.7	243.6	260.1	270.7	287.7	304.1	315.1	326.2	321.6	305.3	291.5	294.0	293.7	288.0	286.5	289.9	289.8	279.9	267.7	257.1	241.1	216.2	182.9	155.7	142.5	133.7	129.2	127.5	126.9	127.8	129.8	133.4	134.9	136.3	138.7	140.5	140.7	141.9	139.7	135.9	130.7	128.3	126.7	127.6	124.0	118.9	111.5	107.0	102.5	99.54	95.72
480.0	218.7	225.0	239.1	248.3	261.1	274.2	285.6	297.8	292.4	276.4	267.1	267.0	270.0	263.6	264.5	269.3	267.6	256.4	243.8	232.4	217.1	195.5	164.8	142.8	130.8	122.6	119.8	117.1	117.1	117.9	119.8	122.1	124.6	126.5	128.1	129.8	130.8	132.0	130.9	126.5	122.4	121.0	119.6	119.3	118.1	112.2	106.5	101.9	98.65	94.67	92.01
483.0	200.6	207.3	220.4	230.2	239.9	249.9	258.5	267.6	263.8	252.5	242.3	243.2	245.6	243.9	244.0	247.0	246.9	238.1	221.9	210.4	195.6	175.1	149.7	129.9	119.2	113.2	109.9	107.6	107.0	108.3	109.7	112.0	115.1	117.0	118.8	120.5	120.3	121.8	120.1	117.3	115.0	113.0	111.5	111.5	110.7	106.3	100.0	96.49	93.75	91.21	88.29
486.0	189.5	192.2	203.2	211.5	220.8	228.6	235.9	242.0	242.5	231.7	222.5	224.9	227.6	226.0	225.1	229.6	230.7	218.9	203.7	190.5	178.5	159.0	136.3	119.7	110.5	104.0	101.2	99.72	99.57	100.0	102.4	104.4	105.3	108.0	110.4	111.2	112.5	113.8	112.7	110.5	108.6	106.5	105.6	105.0	104.0	99.22	95.14	92.87	88.88	87.27	84.95
489.0	199.9	178.9	187.0	193.7	202.0	208.9	216.1	220.6	220.8	209.1	203.9	207.6	210.6	207.3	207.5	213.6	212.8	201.8	185.4	174.1	160.6	144.1	124.8	109.6	101.6	97.06	93.97	92.34	92.52	92.10	94.27	96.50	97.60	100.2	102.2	103.6	104.2	105.5	104.8	102.7	101.3	99.53	98.94	98.64	96.88	94.47	90.28	87.95	84.84	83.02	79.71
492.0	348.9	168.8	170.9	177.6	183.6	188.0	196.0	198.5	201.1	192.3	187.2	188.6	191.3	190.0	191.4	196.3	196.1	186.2	170.1	157.8	145.6	130.2	114.2	99.45	92.78	89.38	86.50	85.70	84.48	85.55	87.83	88.55	90.16	92.64	95.26	95.73	97.69	96.91	97.30	95.98	94.71	93.48	92.79	91.95	90.67	87.88	84.11	82.68	80.16	78.17	75.81
495.0	785.1	186.8	159.9	164.5	170.9	175.4	179.1	181.9	182.8	178.2	173.4	175.2	176.5	176.8	177.2	181.6	180.1	172.8	157.0	145.2	132.8	119.0	104.3	93.11	87.25	82.70	80.56	79.08	79.59	80.71	80.93	83.15	83.79	86.55	88.34	89.38	90.97	90.41	91.11	89.98	88.57	88.19	87.10	86.29	85.54	82.83	79.96	77.62	75.85	74.35	71.89
498.0	 1586	381.8	149.3	155.7	158.1	159.3	165.8	169.6	167.8	163.8	159.0	161.1	163.5	163.5	165.0	167.2	168.8	158.4	144.4	132.3	121.3	109.8	95.52	86.58	80.44	77.50	75.13	73.94	74.21	75.37	76.20	77.42	79.04	80.21	81.62	82.88	84.04	85.22	84.86	84.23	82.92	82.57	80.59	80.81	79.92	77.63	75.89	73.60	72.64	70.34	68.32
501.0	 2513	897.1	166.0	143.3	145.5	148.9	151.3	156.1	155.6	152.2	147.0	149.9	150.7	153.4	153.0	157.7	157.9	147.5	134.0	121.6	110.4	100.0	90.11	80.51	75.23	72.11	70.22	69.99	69.45	70.56	70.93	72.36	72.73	75.31	76.44	77.65	79.35	79.51	79.26	78.67	77.74	77.02	76.64	76.16	75.62	73.32	71.57	69.81	68.24	66.53	64.28
504.0	 3040	 1793	332.3	135.9	138.1	137.7	139.4	142.7	143.3	140.5	137.7	138.0	141.3	141.7	143.3	147.0	146.2	138.0	123.0	111.2	102.6	93.60	82.40	74.05	70.12	67.58	65.54	65.65	65.27	65.45	66.80	67.98	68.61	70.30	71.43	72.19	73.49	74.75	73.88	73.63	73.06	72.54	71.74	71.22	70.50	69.59	67.87	66.47	64.84	62.90	60.39
507.0	 2748	 2793	831.0	160.0	126.0	128.2	129.4	132.0	133.2	131.3	128.0	128.8	131.8	134.0	133.6	136.7	135.6	128.7	114.3	104.7	93.40	86.43	77.50	69.61	66.88	63.44	62.18	62.13	61.48	62.54	63.04	63.94	64.79	65.61	67.68	67.94	68.54	69.09	68.98	68.89	68.71	68.25	67.51	66.72	66.51	65.22	63.52	62.70	61.76	59.39	57.84
510.0	 1773	 3282	 1703	354.5	121.9	120.4	120.9	122.4	123.3	119.9	119.1	120.1	123.3	125.5	123.5	128.1	128.9	119.9	106.8	96.57	87.09	79.78	71.95	65.22	61.92	60.34	58.86	57.37	57.83	58.45	58.29	59.75	60.47	61.30	62.04	63.56	64.50	65.08	64.55	64.00	65.20	64.04	62.89	62.12	62.35	60.98	59.67	58.71	58.34	56.64	54.64
513.0	759.2	 2915	 2743	900.2	153.6	113.5	112.3	114.5	114.1	113.0	111.4	112.5	114.1	116.9	116.0	118.7	121.2	113.0	99.96	89.32	81.22	74.65	67.03	61.51	58.51	56.82	55.90	54.27	54.58	54.63	56.09	56.11	57.56	57.82	58.78	59.94	60.02	60.59	60.74	60.58	60.73	59.51	59.47	59.03	58.66	57.31	56.99	55.91	54.66	53.40	51.83
516.0	250.3	 1815	 3309	 1804	362.9	107.7	105.4	106.2	108.9	106.4	104.2	105.6	107.8	109.6	110.1	112.9	112.5	106.8	94.27	83.58	76.09	69.64	63.16	57.95	55.46	53.22	52.58	52.67	51.31	51.51	52.42	52.89	53.71	54.69	55.63	56.13	56.69	57.18	57.43	56.42	56.39	56.53	55.79	55.91	54.86	54.27	53.92	52.95	51.65	50.54	48.96
519.0	131.1	692.9	 2952	 2898	946.5	135.5	99.84	100.7	100.4	99.42	97.98	98.72	101.2	102.3	103.0	105.5	106.3	99.72	87.95	77.70	70.48	64.91	59.83	54.79	52.16	50.52	50.25	49.10	48.78	49.00	49.41	50.41	50.42	51.26	52.31	52.77	54.00	53.70	53.72	53.37	53.11	52.81	52.11	52.19	51.84	51.33	50.59	49.98	48.90	47.84	46.51
522.0	104.6	219.4	 1883	 3422	 1908	334.2	97.04	95.07	95.36	93.71	92.01	93.03	94.91	95.94	96.52	100.4	99.57	92.65	82.46	73.63	65.32	60.79	55.91	51.85	49.93	48.94	47.18	46.87	46.13	46.72	47.16	47.82	47.66	48.49	49.42	49.51	50.64	50.34	50.09	50.36	49.99	49.46	49.27	48.52	49.61	48.26	47.87	46.77	46.42	45.05	44.75
525.0	99.31	127.3	779.8	 3034	 2984	877.4	136.6	90.72	89.76	87.83	87.35	86.99	90.59	91.69	91.68	93.26	94.21	88.05	76.72	68.16	61.62	58.03	52.84	49.44	47.37	46.15	44.99	44.29	43.97	44.01	44.89	44.92	44.72	46.09	46.92	47.11	47.45	47.23	47.52	47.28	46.96	46.69	47.02	46.48	45.55	45.52	45.43	44.63	43.45	43.63	41.79
528.0	97.51	112.8	251.2	 1870	 3514	 1875	371.3	90.66	85.13	83.58	81.41	83.73	83.76	85.75	86.46	88.48	88.65	82.04	72.20	63.80	57.89	54.18	49.96	46.78	44.92	43.48	42.28	42.84	42.74	41.81	42.61	42.50	42.47	43.46	44.32	44.33	44.71	44.40	44.63	45.05	44.12	44.20	43.78	43.66	42.89	43.06	42.29	42.30	41.47	40.69	39.52
531.0	118.5	129.4	172.9	773.4	 3079	 3046	979.5	132.6	82.81	79.41	78.91	79.74	79.90	80.73	81.42	83.43	83.10	77.29	68.44	60.30	55.12	51.15	47.31	44.89	42.94	42.20	41.46	40.76	40.10	40.51	40.67	41.03	41.05	41.23	41.60	41.97	41.69	42.10	42.18	41.96	42.10	42.13	40.97	41.06	40.97	40.88	40.42	40.05	39.17	38.00	37.29
534.0	181.6	198.7	233.0	352.9	 1912	 3702	 2054	374.7	83.79	75.94	73.70	74.66	76.33	76.48	76.21	79.02	78.41	74.12	63.92	57.25	51.58	48.29	45.31	42.55	40.86	40.47	39.08	39.06	38.06	38.31	38.70	38.49	38.74	38.76	39.14	39.73	39.51	39.82	39.86	39.93	39.92	39.46	39.00	38.71	38.60	38.28	37.67	37.79	36.63	36.55	35.52
537.0	267.8	295.5	338.0	381.1	870.5	 3348	 3308	 1013	128.3	74.70	72.41	71.24	73.36	72.92	72.66	74.14	75.00	68.97	60.52	53.81	48.94	46.18	42.87	40.89	38.73	38.52	37.96	37.85	37.04	37.04	36.76	36.73	36.34	36.70	37.45	37.50	37.54	37.97	37.42	37.53	37.71	37.05	36.81	36.69	36.25	36.51	35.67	35.68	34.44	34.19	32.97
540.0	325.9	354.6	406.0	432.9	494.0	 2182	 3890	 2103	359.6	76.26	69.28	67.81	69.13	68.87	69.15	70.51	69.78	65.73	57.42	50.90	46.73	44.71	40.63	39.34	37.86	36.70	35.80	35.50	35.26	34.28	35.25	35.60	35.09	35.14	35.24	35.63	35.77	35.43	35.60	35.08	35.60	35.35	34.25	34.07	34.24	33.68	34.20	33.24	32.42	32.27	31.27
543.0	366.7	396.7	444.4	469.6	457.5	986.5	 3348	 3417	995.5	129.1	66.45	64.26	65.32	64.38	64.99	65.86	66.55	62.55	54.74	47.70	44.03	41.83	39.08	36.35	36.15	34.59	34.28	33.85	33.87	33.22	33.43	33.10	33.52	33.13	33.32	33.52	33.27	33.29	33.68	33.58	33.72	32.61	31.92	32.59	32.39	31.95	32.03	31.57	30.96	30.48	29.54
546.0	425.3	473.1	523.4	555.3	513.0	577.1	 2044	 3975	 2127	397.2	66.76	63.10	61.89	61.92	62.99	62.97	63.81	57.43	51.05	45.46	41.95	38.15	36.48	36.06	34.55	33.94	32.71	32.31	32.33	31.87	31.71	31.78	31.15	30.94	31.92	31.32	31.35	31.79	31.37	31.24	31.35	30.27	30.47	30.74	30.05	30.41	29.77	29.47	29.07	28.68	27.97
549.0	501.5	578.6	644.7	669.8	612.6	587.1	918.1	 3426	 3475	 1089	109.1	59.95	58.46	58.60	60.41	59.24	59.46	54.45	48.13	43.11	39.48	37.19	35.09	33.51	32.82	32.16	31.82	30.91	30.62	30.66	30.51	30.28	29.96	29.57	29.71	30.02	29.64	29.54	29.51	29.42	29.43	28.89	28.50	28.64	28.55	28.05	28.38	28.03	27.55	27.08	26.31
552.0	555.0	659.0	749.6	777.6	703.7	648.9	558.2	 1985	 4077	 2378	358.5	64.60	57.57	56.97	57.14	56.88	56.89	52.19	46.16	40.74	37.61	35.68	33.82	32.29	31.36	30.43	29.77	29.88	29.73	29.22	29.19	28.61	28.58	27.91	28.07	28.22	27.86	28.51	27.58	27.75	27.47	27.19	27.26	26.21	26.73	26.44	26.19	26.23	25.79	24.79	24.76
555.0	567.2	693.9	804.8	816.0	743.6	682.8	522.6	775.1	 3490	 3834	 1033	125.4	55.64	54.55	53.92	54.20	53.62	49.81	42.82	38.10	35.75	34.41	31.65	32.19	29.56	29.08	28.80	27.90	27.59	27.99	27.83	27.57	27.13	27.34	26.77	26.89	27.27	26.80	25.63	26.21	25.73	25.37	25.16	24.91	25.38	24.64	24.84	24.86	24.45	23.59	22.70
558.0	589.3	705.2	843.0	861.0	771.7	710.6	531.3	364.2	 1969	 4387	 2374	422.1	59.67	52.10	51.72	50.90	50.89	46.46	40.86	36.68	34.50	32.69	30.11	30.14	28.67	28.02	27.17	27.49	26.26	26.46	26.12	26.13	25.44	25.96	25.29	25.51	25.50	25.50	24.77	24.62	24.51	24.01	23.62	23.56	23.02	23.70	23.48	22.92	23.12	22.41	21.75
561.0	614.3	729.4	881.5	931.3	825.7	759.3	566.2	323.3	692.7	 3610	 3980	 1234	118.7	50.05	49.64	48.66	48.89	44.46	38.84	34.99	32.88	31.00	28.55	28.80	27.39	26.52	27.07	25.89	25.88	25.16	25.30	24.95	24.35	24.40	24.12	24.96	24.07	23.78	23.31	23.46	23.22	22.69	22.55	22.39	22.16	22.47	22.01	21.73	21.84	21.30	20.72
564.0	675.6	783.4	950.6	 1013	914.3	818.7	613.3	340.4	280.2	 1920	 4756	 2778	414.0	56.43	48.33	47.68	46.47	43.66	38.06	34.32	32.45	29.92	28.64	27.58	26.16	25.59	25.43	24.96	24.73	24.41	24.23	24.07	23.19	23.39	22.78	23.52	23.46	22.77	22.29	21.93	21.73	21.95	21.86	21.86	21.52	20.95	21.15	21.42	20.46	19.87	19.36
567.0	709.1	825.6	978.2	 1065	969.9	870.7	651.8	365.5	235.5	613.8	 4006	 4505	 1280	124.5	49.94	45.89	44.28	40.58	36.59	32.67	31.35	29.25	27.60	26.82	25.91	24.93	24.89	24.53	23.59	23.51	23.36	22.81	22.76	22.27	22.10	21.75	21.75	21.78	21.54	20.34	20.72	20.25	20.56	20.48	20.33	20.26	19.73	20.00	19.40	19.13	18.80
570.0	722.3	826.1	974.5	 1075	 1003	896.2	673.7	387.1	243.4	252.5	 2210	 5086	 2944	453.9	56.63	44.69	43.21	40.21	36.45	32.07	29.91	28.09	26.54	25.77	25.37	24.47	23.70	23.15	22.44	22.77	22.74	22.95	22.23	20.71	21.15	21.28	20.80	21.19	20.64	20.44	20.35	19.22	19.13	19.20	19.19	18.81	19.10	18.93	18.53	18.16	17.50
573.0	735.2	827.7	964.3	 1046	 1003	912.4	688.7	402.8	251.0	212.4	695.5	 4038	 4918	 1434	156.1	44.06	41.00	38.23	34.31	31.13	29.81	27.15	25.34	24.60	24.38	23.61	23.35	22.62	22.46	21.71	22.36	21.50	21.04	20.25	20.50	20.15	19.85	19.79	19.83	18.94	18.75	18.78	18.44	18.30	18.22	18.29	18.24	17.94	17.66	17.98	17.09
576.0	746.8	840.9	970.3	 1038	 1008	936.3	701.7	424.0	266.8	213.5	257.3	 1997	 5621	 3375	603.0	53.75	41.33	37.59	33.81	30.73	30.05	26.40	25.59	24.79	23.35	22.85	21.97	22.34	21.60	21.01	21.11	20.88	20.48	19.70	19.78	19.63	19.62	18.98	19.11	17.97	18.37	17.78	17.42	17.53	17.09	17.38	17.22	17.02	16.55	16.58	16.61
579.0	757.6	833.2	982.2	 1034	 1006	958.7	729.0	441.3	287.6	222.0	202.1	579.9	 4510	 5509	 1824	141.9	41.81	37.98	32.78	29.66	28.78	25.70	24.84	23.59	22.82	21.98	21.45	21.30	20.82	20.56	20.58	19.88	19.57	19.35	19.27	18.95	18.84	18.46	17.89	18.15	17.70	17.05	16.97	16.83	16.53	16.70	16.48	16.75	16.32	15.78	15.62
582.0	775.5	850.7	977.3	 1042	986.5	964.9	757.6	468.9	303.4	240.4	192.0	221.8	 2197	 6080	 4067	576.1	53.10	37.88	32.01	29.68	29.10	26.35	24.33	24.14	21.85	21.69	20.99	20.83	20.18	19.98	19.49	19.47	18.89	18.39	18.05	17.69	17.55	17.80	17.76	17.73	16.42	16.12	16.12	15.93	15.95	16.26	15.99	15.49	15.37	14.84	14.47
585.0	775.3	841.8	975.7	 1017	961.6	942.3	770.4	486.2	319.4	245.8	194.3	166.8	610.1	 4660	 6137	 1816	167.8	37.38	33.03	29.39	28.93	25.37	24.00	23.45	21.61	21.79	20.34	19.65	19.47	19.29	19.04	18.49	18.77	18.17	17.99	17.66	17.25	16.37	17.00	16.76	16.12	15.50	15.59	15.23	15.28	14.79	15.51	15.44	15.13	14.49	13.92
588.0	751.9	817.7	927.5	972.1	925.8	894.1	773.3	505.5	333.3	259.4	200.4	154.7	193.6	 2145	 6458	 4136	702.9	54.67	33.01	28.67	29.87	25.15	24.25	22.49	22.01	22.18	20.43	19.34	19.16	18.99	18.57	18.47	17.69	17.70	17.39	16.73	16.64	16.85	16.16	16.78	16.47	15.47	14.68	14.69	14.78	15.00	15.04	14.84	13.99	13.90	13.89
591.0	729.5	791.4	887.0	931.0	885.6	849.5	745.2	531.1	358.5	274.4	209.8	153.6	134.9	561.2	 4616	 6357	 2157	192.2	35.39	30.63	28.69	24.52	23.60	21.63	21.27	20.34	19.73	19.02	19.61	18.29	18.26	17.86	17.19	16.25	15.96	16.89	16.10	16.15	15.69	15.64	15.15	14.66	14.57	14.05	14.58	14.44	14.24	14.06	13.65	13.45	12.63
594.0	708.1	760.2	850.2	895.7	870.3	831.1	714.6	544.3	386.6	287.9	217.2	159.6	120.6	175.5	 1998	 6717	 4603	775.8	51.64	29.45	27.46	25.29	22.77	21.51	20.53	20.60	18.76	18.60	18.86	17.97	17.85	18.06	16.89	16.44	15.95	15.64	15.69	16.15	15.42	15.28	14.54	13.55	14.09	13.91	13.80	13.66	13.91	13.19	13.64	13.07	12.43
597.0	697.4	750.1	827.1	873.0	836.4	797.1	689.9	545.5	418.1	310.5	229.0	167.8	119.0	126.4	478.6	 4829	 6797	 2425	199.2	34.08	30.01	25.25	22.93	21.91	20.89	20.03	18.94	19.40	17.90	17.66	17.28	16.74	16.85	15.78	15.55	15.89	15.05	15.34	15.32	14.60	14.73	13.74	13.20	13.86	13.40	12.94	13.08	13.14	12.62	12.22	11.55
600.0	743.7	752.7	860.2	885.3	852.1	830.0	700.4	568.3	437.1	339.1	252.8	174.1	121.4	117.6	184.4	 3151	 7462	 4091	460.5	40.20	27.73	26.74	24.12	22.66	22.39	20.27	19.57	17.51	17.65	16.73	18.67	17.19	17.74	15.83	17.12	15.11	14.74	15.99	14.49	14.64	15.03	13.33	13.07	12.97	13.82	13.50	14.03	14.47	12.70	12.57	11.69
