270.0	5.012	2.594	1.542	1.619	4.733	27.47	55.93	48.16	17.31	2.782	0.184	0.075	0.060	0.056	0.047	0.043	0.037	0.034	0.030	0.028	0.027	0.026	0.022	0.028	0.023	0.019	0.020	0.015	0.016	0.018	0.016	0.015	0.016	0.012	0.011	0.013	0.013	0.013	0.013	0.012	0.013	0.011	0.012	0.012	0.011	0.011	0.011	0.011	0.011	0.010	0.012	0.011	0.013	0.015	0.017	0.016	0.018	0.020	0.017	0.020	0.021	0.020	0.019	0.015	0.013	0.014	0.013	0.010	0.011	0.011	0.010	0.011	0.007	0.009	0.009	0.010	0.014
273.0	5.727	4.942	2.744	1.969	2.327	6.618	25.41	54.65	50.02	20.26	3.213	0.253	0.078	0.061	0.054	0.045	0.038	0.040	0.033	0.028	0.029	0.026	0.025	0.027	0.022	0.019	0.018	0.016	0.010	0.017	0.017	0.013	0.018	0.013	0.012	0.014	0.013	0.011	0.014	0.011	0.013	0.011	0.010	0.012	0.012	0.009	0.013	0.011	0.010	0.012	0.013	0.012	0.013	0.017	0.020	0.021	0.022	0.023	0.026	0.027	0.025	0.025	0.023	0.017	0.017	0.014	0.015	0.011	0.013	0.011	0.010	0.011	0.005	0.009	0.011	0.013	0.016
276.0	4.452	5.716	4.887	3.071	2.385	2.861	6.669	26.99	56.54	50.91	20.09	3.395	0.230	0.075	0.067	0.050	0.041	0.045	0.037	0.029	0.031	0.027	0.026	0.025	0.022	0.021	0.019	0.015	0.014	0.017	0.017	0.015	0.014	0.015	0.013	0.012	0.012	0.012	0.012	0.011	0.013	0.012	0.010	0.011	0.012	0.010	0.014	0.012	0.011	0.010	0.013	0.015	0.015	0.018	0.024	0.024	0.025	0.028	0.031	0.033	0.031	0.031	0.028	0.026	0.021	0.021	0.017	0.014	0.017	0.014	0.011	0.012	0.009	0.009	0.011	0.013	0.015
279.0	3.114	4.698	6.415	5.107	3.246	2.742	3.101	6.826	28.72	58.30	53.78	19.12	2.627	0.199	0.082	0.061	0.048	0.047	0.040	0.032	0.035	0.027	0.027	0.026	0.023	0.022	0.019	0.016	0.021	0.017	0.018	0.015	0.016	0.014	0.015	0.010	0.014	0.014	0.012	0.012	0.012	0.011	0.012	0.011	0.013	0.011	0.012	0.013	0.011	0.011	0.015	0.016	0.019	0.020	0.027	0.028	0.031	0.031	0.038	0.034	0.036	0.037	0.034	0.029	0.026	0.025	0.020	0.017	0.019	0.017	0.010	0.013	0.012	0.010	0.010	0.013	0.015
282.0	2.613	3.231	5.676	6.887	5.271	3.407	3.030	3.229	7.076	28.06	64.48	52.56	17.44	2.649	0.276	0.069	0.058	0.053	0.042	0.036	0.035	0.029	0.029	0.028	0.025	0.022	0.020	0.019	0.021	0.015	0.016	0.013	0.017	0.012	0.015	0.015	0.014	0.014	0.012	0.011	0.013	0.012	0.012	0.012	0.013	0.013	0.012	0.012	0.012	0.012	0.014	0.016	0.020	0.021	0.026	0.030	0.032	0.036	0.037	0.041	0.039	0.039	0.036	0.031	0.031	0.029	0.025	0.024	0.022	0.020	0.015	0.015	0.013	0.011	0.012	0.014	0.015
285.0	2.606	2.691	4.156	6.559	7.247	5.130	3.669	3.290	3.488	7.414	33.78	61.77	48.62	16.54	3.477	0.190	0.072	0.057	0.048	0.038	0.036	0.031	0.029	0.030	0.025	0.023	0.020	0.018	0.019	0.017	0.018	0.014	0.017	0.012	0.015	0.015	0.013	0.012	0.013	0.011	0.012	0.013	0.012	0.012	0.013	0.011	0.013	0.012	0.013	0.012	0.015	0.016	0.022	0.021	0.027	0.031	0.034	0.037	0.037	0.042	0.041	0.042	0.038	0.034	0.032	0.032	0.029	0.027	0.026	0.024	0.019	0.018	0.015	0.014	0.014	0.015	0.017
288.0	2.778	2.718	3.351	4.932	7.234	7.473	5.364	3.920	3.703	3.881	8.534	30.63	61.58	49.55	22.74	2.346	0.185	0.068	0.061	0.041	0.040	0.033	0.033	0.030	0.027	0.023	0.020	0.020	0.019	0.017	0.018	0.017	0.018	0.014	0.015	0.014	0.014	0.014	0.013	0.012	0.013	0.014	0.010	0.012	0.014	0.011	0.013	0.012	0.014	0.014	0.016	0.016	0.023	0.024	0.029	0.031	0.035	0.038	0.038	0.043	0.044	0.041	0.038	0.037	0.032	0.036	0.032	0.032	0.030	0.029	0.023	0.022	0.019	0.015	0.016	0.017	0.019
291.0	2.977	2.841	3.178	3.938	5.602	7.979	7.578	5.337	4.126	3.983	4.078	7.858	31.68	61.14	62.39	16.34	2.563	0.200	0.069	0.051	0.044	0.037	0.035	0.031	0.029	0.027	0.023	0.023	0.020	0.017	0.017	0.018	0.018	0.015	0.016	0.014	0.014	0.014	0.013	0.013	0.011	0.013	0.011	0.010	0.013	0.013	0.012	0.010	0.013	0.014	0.016	0.018	0.023	0.025	0.028	0.030	0.032	0.037	0.041	0.041	0.039	0.042	0.037	0.035	0.034	0.037	0.034	0.033	0.032	0.030	0.027	0.024	0.019	0.016	0.018	0.018	0.019
294.0	3.107	3.007	3.295	3.693	4.516	6.650	8.577	7.559	5.207	4.271	3.984	3.756	7.694	31.87	70.86	48.18	16.18	2.369	0.165	0.068	0.052	0.043	0.037	0.033	0.029	0.027	0.022	0.022	0.020	0.019	0.018	0.017	0.018	0.016	0.014	0.014	0.015	0.014	0.012	0.012	0.012	0.013	0.010	0.008	0.012	0.011	0.013	0.012	0.012	0.014	0.015	0.018	0.021	0.024	0.028	0.029	0.031	0.031	0.038	0.038	0.040	0.038	0.035	0.037	0.035	0.036	0.033	0.035	0.033	0.031	0.029	0.026	0.021	0.019	0.019	0.019	0.020
297.0	3.597	3.409	3.741	4.115	4.495	5.638	7.665	9.171	7.622	5.419	4.366	3.814	3.152	7.142	32.41	61.94	50.05	17.00	2.282	0.186	0.063	0.053	0.042	0.036	0.032	0.027	0.022	0.024	0.021	0.019	0.018	0.018	0.018	0.015	0.016	0.012	0.014	0.014	0.013	0.013	0.011	0.011	0.010	0.010	0.012	0.010	0.013	0.013	0.012	0.013	0.014	0.017	0.020	0.023	0.026	0.027	0.029	0.032	0.036	0.036	0.037	0.038	0.035	0.036	0.035	0.035	0.033	0.034	0.035	0.033	0.030	0.026	0.023	0.022	0.020	0.022	0.023
300.0	4.212	4.000	4.354	4.740	5.044	5.671	6.786	8.840	9.663	7.577	5.308	4.204	3.200	2.717	7.222	33.15	62.23	49.44	15.83	2.404	0.162	0.063	0.048	0.041	0.035	0.029	0.025	0.025	0.021	0.020	0.020	0.019	0.017	0.016	0.015	0.012	0.014	0.014	0.012	0.011	0.012	0.012	0.011	0.011	0.011	0.011	0.012	0.011	0.012	0.014	0.014	0.018	0.018	0.023	0.025	0.026	0.028	0.031	0.035	0.035	0.034	0.037	0.035	0.033	0.034	0.036	0.034	0.035	0.038	0.034	0.033	0.029	0.024	0.021	0.021	0.024	0.025
303.0	4.825	4.539	4.882	5.203	5.629	6.115	6.645	7.829	9.698	9.825	7.128	4.918	3.496	2.745	2.746	7.853	32.49	62.31	48.24	16.26	1.906	0.147	0.060	0.048	0.038	0.032	0.028	0.025	0.020	0.021	0.017	0.019	0.018	0.016	0.015	0.012	0.014	0.015	0.013	0.013	0.011	0.011	0.012	0.009	0.011	0.011	0.011	0.010	0.011	0.013	0.014	0.017	0.017	0.023	0.023	0.027	0.027	0.029	0.032	0.032	0.032	0.033	0.034	0.031	0.034	0.035	0.036	0.037	0.037	0.036	0.034	0.031	0.025	0.023	0.023	0.026	0.029
306.0	5.101	4.864	5.203	5.543	5.962	6.432	6.855	7.369	8.560	10.02	9.290	6.510	3.989	2.987	2.720	2.945	7.913	32.12	61.25	48.50	14.83	2.028	0.138	0.058	0.045	0.036	0.032	0.027	0.022	0.022	0.021	0.015	0.020	0.015	0.015	0.014	0.014	0.013	0.013	0.013	0.011	0.012	0.012	0.009	0.011	0.011	0.011	0.009	0.011	0.013	0.014	0.016	0.018	0.021	0.022	0.024	0.027	0.027	0.032	0.030	0.032	0.032	0.031	0.031	0.033	0.035	0.034	0.036	0.036	0.035	0.035	0.032	0.025	0.025	0.024	0.027	0.028
309.0	5.275	4.998	5.314	5.683	6.092	6.587	6.984	7.318	7.815	8.814	9.964	8.532	5.212	3.340	2.953	2.838	3.030	7.875	32.82	59.13	44.48	14.45	1.750	0.124	0.053	0.042	0.035	0.030	0.025	0.023	0.024	0.020	0.020	0.016	0.016	0.013	0.016	0.015	0.014	0.012	0.012	0.011	0.012	0.012	0.012	0.012	0.011	0.009	0.011	0.012	0.013	0.014	0.017	0.019	0.021	0.022	0.024	0.024	0.029	0.031	0.031	0.030	0.031	0.030	0.031	0.034	0.035	0.035	0.035	0.036	0.035	0.031	0.024	0.027	0.025	0.029	0.029
312.0	5.320	5.059	5.442	5.783	6.183	6.672	7.124	7.438	7.609	7.942	8.962	9.418	7.289	4.454	3.307	3.056	2.906	2.965	7.703	29.17	56.28	44.35	14.11	1.621	0.123	0.052	0.040	0.035	0.027	0.024	0.025	0.021	0.020	0.017	0.018	0.016	0.015	0.015	0.013	0.012	0.012	0.012	0.012	0.012	0.012	0.013	0.013	0.010	0.012	0.013	0.012	0.014	0.017	0.018	0.020	0.020	0.021	0.023	0.026	0.027	0.029	0.030	0.030	0.029	0.032	0.032	0.032	0.034	0.035	0.036	0.033	0.030	0.025	0.026	0.024	0.029	0.028
315.0	5.366	5.110	5.457	5.880	6.261	6.819	7.284	7.611	7.765	7.823	8.099	8.726	8.590	6.372	4.235	3.301	3.056	2.764	2.672	6.845	29.40	53.38	42.78	13.03	1.854	0.103	0.048	0.040	0.030	0.027	0.024	0.024	0.020	0.019	0.018	0.017	0.016	0.014	0.015	0.013	0.011	0.013	0.012	0.014	0.012	0.013	0.013	0.010	0.012	0.014	0.012	0.015	0.017	0.014	0.020	0.019	0.020	0.022	0.025	0.023	0.028	0.030	0.027	0.030	0.031	0.034	0.033	0.034	0.036	0.034	0.036	0.029	0.026	0.025	0.026	0.028	0.026
318.0	5.298	5.083	5.469	5.927	6.394	6.958	7.453	7.858	8.023	8.028	7.899	7.906	8.373	8.001	6.005	3.966	3.208	2.837	2.408	2.248	6.623	26.95	54.06	39.76	14.05	1.471	0.095	0.049	0.036	0.032	0.029	0.025	0.020	0.021	0.018	0.018	0.017	0.015	0.015	0.012	0.012	0.013	0.012	0.013	0.013	0.012	0.013	0.012	0.012	0.013	0.013	0.014	0.015	0.015	0.018	0.018	0.022	0.021	0.025	0.023	0.026	0.027	0.028	0.029	0.032	0.034	0.036	0.036	0.038	0.036	0.036	0.032	0.028	0.024	0.025	0.029	0.028
321.0	5.158	5.024	5.445	5.966	6.485	7.149	7.650	8.126	8.341	8.374	8.190	7.806	7.616	8.078	7.750	5.510	3.750	2.938	2.482	2.043	1.882	5.767	27.15	48.78	41.28	12.76	1.563	0.106	0.045	0.037	0.031	0.028	0.022	0.021	0.018	0.019	0.016	0.016	0.014	0.013	0.013	0.013	0.013	0.012	0.012	0.013	0.012	0.012	0.012	0.012	0.013	0.013	0.014	0.016	0.017	0.019	0.020	0.021	0.023	0.025	0.025	0.028	0.029	0.031	0.033	0.038	0.038	0.040	0.043	0.042	0.040	0.035	0.032	0.028	0.029	0.030	0.029
324.0	4.995	4.934	5.420	5.999	6.573	7.219	7.818	8.290	8.585	8.705	8.524	8.086	7.456	7.417	7.964	7.159	5.002	3.309	2.540	2.090	1.628	1.563	6.089	25.23	47.35	36.93	12.24	1.583	0.090	0.042	0.036	0.030	0.024	0.023	0.019	0.020	0.017	0.017	0.015	0.012	0.015	0.012	0.013	0.012	0.010	0.012	0.012	0.013	0.013	0.012	0.013	0.014	0.015	0.014	0.017	0.019	0.019	0.021	0.023	0.025	0.027	0.026	0.029	0.032	0.036	0.040	0.039	0.044	0.048	0.046	0.047	0.042	0.037	0.034	0.034	0.034	0.033
327.0	4.878	4.731	5.332	5.975	6.507	7.240	7.841	8.331	8.712	8.894	8.805	8.419	7.624	7.075	7.249	7.628	6.569	4.318	2.742	2.067	1.661	1.334	1.457	5.419	22.51	44.77	36.47	12.66	1.389	0.090	0.043	0.036	0.028	0.023	0.021	0.021	0.016	0.017	0.013	0.013	0.015	0.012	0.014	0.012	0.012	0.012	0.012	0.011	0.012	0.012	0.013	0.013	0.015	0.014	0.017	0.018	0.019	0.019	0.023	0.026	0.025	0.027	0.028	0.031	0.035	0.041	0.042	0.045	0.048	0.052	0.051	0.046	0.042	0.038	0.039	0.039	0.037
330.0	4.722	4.649	5.199	5.842	6.415	7.120	7.764	8.286	8.642	8.877	8.802	8.463	7.759	6.997	6.635	6.840	7.042	5.625	3.400	2.158	1.598	1.343	1.145	1.306	4.844	22.47	42.91	35.47	11.80	1.614	0.087	0.043	0.034	0.028	0.023	0.023	0.019	0.019	0.016	0.013	0.015	0.013	0.015	0.012	0.012	0.012	0.011	0.013	0.011	0.012	0.014	0.012	0.014	0.013	0.016	0.018	0.018	0.019	0.022	0.026	0.026	0.026	0.028	0.030	0.034	0.040	0.042	0.046	0.049	0.052	0.050	0.048	0.044	0.041	0.042	0.044	0.040
333.0	4.541	4.471	5.017	5.683	6.234	6.897	7.541	8.066	8.471	8.664	8.651	8.410	7.732	6.958	6.328	5.997	6.193	6.146	4.527	2.621	1.571	1.236	1.121	1.006	1.202	4.959	21.58	40.77	33.47	11.83	1.325	0.083	0.040	0.029	0.025	0.027	0.020	0.019	0.017	0.014	0.014	0.014	0.014	0.013	0.012	0.012	0.013	0.012	0.011	0.012	0.013	0.011	0.014	0.014	0.015	0.017	0.018	0.018	0.020	0.025	0.024	0.024	0.028	0.029	0.033	0.037	0.038	0.044	0.048	0.050	0.048	0.046	0.043	0.042	0.043	0.045	0.042
336.0	4.438	4.306	4.930	5.530	6.039	6.747	7.233	7.784	8.114	8.373	8.375	8.199	7.592	6.899	6.184	5.483	5.231	5.417	5.217	3.652	1.890	1.200	1.025	0.998	0.956	1.187	4.626	19.27	39.48	33.03	11.40	1.479	0.078	0.034	0.027	0.029	0.022	0.020	0.016	0.016	0.014	0.014	0.015	0.014	0.013	0.011	0.013	0.013	0.011	0.013	0.012	0.011	0.014	0.013	0.014	0.018	0.018	0.017	0.019	0.024	0.022	0.025	0.027	0.028	0.032	0.036	0.038	0.042	0.045	0.047	0.047	0.045	0.040	0.039	0.041	0.044	0.042
339.0	4.306	4.173	4.790	5.388	5.901	6.494	6.985	7.469	7.814	8.057	8.100	7.943	7.415	6.792	6.103	5.294	4.688	4.511	4.763	4.412	2.756	1.445	0.971	0.929	0.944	0.909	1.091	4.233	19.96	36.98	31.55	11.13	1.454	0.073	0.033	0.030	0.024	0.020	0.018	0.017	0.014	0.015	0.014	0.013	0.013	0.012	0.013	0.012	0.012	0.013	0.012	0.012	0.013	0.012	0.014	0.017	0.017	0.018	0.019	0.022	0.023	0.024	0.025	0.027	0.032	0.035	0.037	0.041	0.045	0.046	0.045	0.046	0.040	0.037	0.039	0.042	0.041
342.0	4.211	4.124	4.636	5.190	5.736	6.243	6.680	7.143	7.401	7.687	7.734	7.628	7.146	6.590	5.933	5.161	4.411	3.896	3.834	4.143	3.651	2.189	1.128	0.843	0.871	0.914	0.834	0.974	4.312	17.70	37.42	30.41	10.82	1.246	0.067	0.033	0.027	0.024	0.019	0.018	0.014	0.015	0.014	0.014	0.013	0.012	0.012	0.011	0.012	0.012	0.013	0.012	0.013	0.010	0.014	0.016	0.016	0.018	0.018	0.021	0.021	0.022	0.024	0.024	0.029	0.034	0.036	0.037	0.044	0.044	0.046	0.042	0.041	0.039	0.039	0.042	0.040
345.0	4.168	4.005	4.475	5.058	5.491	5.975	6.359	6.695	6.993	7.242	7.295	7.154	6.828	6.310	5.710	4.959	4.224	3.548	3.138	3.243	3.620	3.088	1.714	0.915	0.773	0.826	0.831	0.737	0.905	3.772	18.76	34.20	29.12	10.25	1.464	0.064	0.032	0.027	0.021	0.020	0.016	0.015	0.015	0.014	0.014	0.013	0.013	0.011	0.012	0.012	0.013	0.013	0.012	0.011	0.013	0.015	0.016	0.015	0.018	0.020	0.020	0.022	0.022	0.025	0.028	0.030	0.032	0.035	0.040	0.042	0.043	0.040	0.038	0.038	0.039	0.041	0.040
348.0	4.035	3.914	4.344	4.856	5.269	5.664	5.980	6.285	6.542	6.722	6.743	6.700	6.344	5.923	5.390	4.688	4.014	3.328	2.728	2.548	2.839	3.184	2.529	1.329	0.796	0.720	0.747	0.730	0.636	0.780	4.109	16.82	32.51	27.55	10.50	1.196	0.057	0.029	0.023	0.022	0.018	0.015	0.014	0.016	0.015	0.013	0.013	0.012	0.012	0.011	0.011	0.011	0.013	0.013	0.013	0.014	0.014	0.016	0.017	0.020	0.018	0.019	0.022	0.023	0.024	0.029	0.028	0.033	0.037	0.038	0.040	0.038	0.036	0.036	0.037	0.040	0.038
351.0	3.981	3.846	4.237	4.691	5.006	5.328	5.586	5.812	6.006	6.175	6.217	6.122	5.846	5.465	5.006	4.380	3.781	3.109	2.515	2.123	2.102	2.503	2.849	2.105	1.127	0.684	0.629	0.649	0.631	0.559	0.763	3.460	15.22	31.03	28.32	9.674	1.176	0.062	0.027	0.024	0.021	0.019	0.017	0.015	0.015	0.013	0.013	0.012	0.011	0.010	0.011	0.012	0.013	0.013	0.013	0.014	0.013	0.014	0.017	0.019	0.017	0.016	0.021	0.021	0.023	0.026	0.028	0.029	0.032	0.034	0.035	0.035	0.032	0.033	0.035	0.036	0.037
354.0	3.872	3.730	4.123	4.484	4.763	5.015	5.187	5.384	5.555	5.662	5.693	5.627	5.386	5.039	4.642	4.061	3.508	2.945	2.377	1.929	1.674	1.819	2.348	2.557	1.808	0.886	0.582	0.547	0.574	0.559	0.495	0.657	3.276	15.35	30.99	25.71	9.058	1.285	0.053	0.028	0.024	0.020	0.018	0.016	0.015	0.013	0.014	0.012	0.013	0.010	0.012	0.011	0.013	0.013	0.013	0.014	0.013	0.014	0.017	0.018	0.017	0.017	0.020	0.019	0.022	0.024	0.025	0.029	0.030	0.031	0.032	0.033	0.029	0.029	0.030	0.033	0.034
357.0	3.587	3.447	3.866	4.184	4.446	4.596	4.759	4.895	5.018	5.116	5.131	5.054	4.889	4.570	4.234	3.747	3.233	2.711	2.212	1.807	1.466	1.381	1.650	2.230	2.346	1.467	0.714	0.484	0.467	0.504	0.500	0.439	0.595	3.151	14.48	28.96	24.82	9.506	1.055	0.050	0.028	0.021	0.021	0.017	0.014	0.014	0.014	0.013	0.013	0.012	0.013	0.011	0.013	0.013	0.013	0.013	0.013	0.014	0.015	0.015	0.016	0.016	0.018	0.017	0.020	0.022	0.023	0.024	0.028	0.029	0.030	0.030	0.027	0.026	0.028	0.032	0.031
360.0	3.370	3.226	3.616	3.896	4.126	4.208	4.318	4.399	4.496	4.590	4.622	4.540	4.368	4.128	3.823	3.382	2.946	2.504	2.046	1.674	1.356	1.166	1.199	1.580	2.116	2.082	1.226	0.583	0.402	0.408	0.455	0.446	0.388	0.553	2.929	13.66	27.62	24.83	8.762	1.209	0.058	0.023	0.023	0.018	0.017	0.017	0.014	0.013	0.012	0.013	0.012	0.012	0.013	0.013	0.012	0.013	0.012	0.012	0.015	0.016	0.015	0.016	0.017	0.018	0.018	0.021	0.021	0.023	0.026	0.027	0.025	0.027	0.024	0.024	0.026	0.028	0.028
363.0	3.126	2.993	3.317	3.602	3.739	3.874	3.968	3.999	4.048	4.112	4.124	4.061	3.918	3.714	3.437	3.038	2.669	2.277	1.879	1.544	1.252	1.052	0.958	1.110	1.507	2.057	1.833	0.986	0.447	0.344	0.364	0.411	0.398	0.346	0.503	2.865	13.48	26.55	23.05	8.606	1.465	0.048	0.025	0.021	0.019	0.016	0.016	0.014	0.011	0.014	0.012	0.012	0.012	0.012	0.012	0.013	0.012	0.013	0.016	0.014	0.015	0.014	0.017	0.015	0.016	0.018	0.018	0.020	0.023	0.024	0.023	0.025	0.023	0.023	0.025	0.027	0.026
366.0	2.904	2.765	3.039	3.256	3.388	3.494	3.555	3.593	3.650	3.664	3.639	3.588	3.504	3.315	3.075	2.731	2.431	2.061	1.703	1.410	1.159	0.983	0.840	0.825	1.019	1.499	1.936	1.600	0.749	0.368	0.289	0.323	0.369	0.356	0.315	0.473	2.729	12.16	25.92	22.87	11.00	1.072	0.049	0.024	0.020	0.019	0.017	0.014	0.012	0.014	0.013	0.012	0.012	0.011	0.013	0.012	0.012	0.012	0.014	0.014	0.013	0.012	0.016	0.015	0.014	0.017	0.018	0.018	0.020	0.023	0.021	0.022	0.020	0.019	0.023	0.024	0.024
369.0	2.686	2.588	2.791	2.993	3.079	3.165	3.203	3.214	3.242	3.256	3.236	3.158	3.081	2.920	2.748	2.448	2.168	1.866	1.540	1.290	1.063	0.904	0.769	0.694	0.731	0.999	1.485	1.807	1.311	0.603	0.297	0.250	0.292	0.335	0.326	0.289	0.446	2.494	12.68	24.84	28.50	8.226	1.149	0.050	0.024	0.021	0.019	0.015	0.014	0.014	0.013	0.012	0.011	0.011	0.011	0.013	0.013	0.014	0.014	0.013	0.013	0.012	0.014	0.014	0.015	0.017	0.016	0.017	0.020	0.019	0.019	0.020	0.018	0.018	0.021	0.023	0.023
372.0	2.527	2.386	2.571	2.724	2.791	2.820	2.820	2.848	2.865	2.865	2.850	2.818	2.720	2.583	2.426	2.192	1.960	1.681	1.407	1.172	0.977	0.828	0.714	0.636	0.595	0.692	0.986	1.462	1.669	1.127	0.452	0.244	0.227	0.273	0.314	0.300	0.259	0.397	2.639	11.89	32.06	21.35	8.014	0.967	0.044	0.024	0.021	0.017	0.015	0.015	0.012	0.012	0.012	0.011	0.011	0.012	0.011	0.012	0.013	0.013	0.013	0.011	0.014	0.014	0.015	0.015	0.013	0.017	0.017	0.017	0.018	0.017	0.016	0.017	0.019	0.021	0.022
375.0	2.334	2.190	2.308	2.459	2.518	2.547	2.540	2.556	2.543	2.553	2.516	2.477	2.391	2.294	2.142	1.926	1.729	1.523	1.283	1.080	0.910	0.760	0.665	0.590	0.548	0.537	0.662	0.981	1.454	1.549	0.909	0.365	0.214	0.210	0.262	0.298	0.278	0.240	0.406	2.439	15.52	23.56	20.75	7.820	1.067	0.054	0.025	0.019	0.017	0.016	0.014	0.012	0.013	0.013	0.012	0.012	0.011	0.011	0.013	0.013	0.013	0.011	0.013	0.012	0.013	0.015	0.013	0.014	0.016	0.016	0.016	0.016	0.015	0.015	0.017	0.020	0.021
378.0	2.114	1.988	2.087	2.169	2.259	2.241	2.254	2.277	2.249	2.257	2.229	2.184	2.108	2.020	1.893	1.718	1.551	1.369	1.165	0.988	0.845	0.720	0.621	0.551	0.508	0.477	0.497	0.659	1.011	1.441	1.375	0.744	0.300	0.192	0.203	0.250	0.275	0.253	0.221	0.371	3.263	11.42	22.25	20.11	7.549	1.179	0.045	0.022	0.018	0.017	0.015	0.012	0.014	0.012	0.013	0.012	0.012	0.010	0.013	0.012	0.014	0.011	0.012	0.011	0.013	0.014	0.014	0.013	0.015	0.014	0.014	0.014	0.014	0.014	0.015	0.018	0.020
381.0	1.922	1.811	1.862	1.936	2.001	2.022	1.998	2.004	1.999	2.004	1.951	1.908	1.850	1.789	1.665	1.517	1.374	1.214	1.056	0.910	0.771	0.669	0.585	0.517	0.486	0.447	0.427	0.473	0.663	1.004	1.405	1.223	0.604	0.247	0.182	0.191	0.242	0.258	0.238	0.203	0.457	2.278	10.22	22.30	19.49	8.351	0.917	0.044	0.021	0.019	0.016	0.015	0.014	0.013	0.013	0.011	0.013	0.011	0.011	0.012	0.013	0.010	0.012	0.009	0.012	0.015	0.013	0.013	0.015	0.014	0.013	0.013	0.012	0.014	0.015	0.017	0.019
384.0	1.714	1.608	1.702	1.769	1.793	1.810	1.793	1.782	1.776	1.768	1.754	1.689	1.652	1.577	1.484	1.365	1.228	1.074	0.940	0.826	0.704	0.622	0.548	0.490	0.452	0.416	0.397	0.390	0.464	0.665	1.044	1.349	1.076	0.468	0.219	0.162	0.182	0.227	0.239	0.221	0.205	0.343	2.100	10.72	20.76	20.39	6.979	1.053	0.043	0.022	0.017	0.017	0.015	0.012	0.013	0.011	0.013	0.012	0.012	0.012	0.012	0.011	0.012	0.010	0.011	0.014	0.013	0.013	0.013	0.013	0.013	0.014	0.011	0.013	0.014	0.016	0.017
387.0	1.572	1.457	1.536	1.586	1.591	1.595	1.589	1.584	1.593	1.559	1.533	1.513	1.475	1.399	1.328	1.203	1.102	0.969	0.853	0.749	0.649	0.565	0.505	0.454	0.425	0.390	0.366	0.349	0.353	0.450	0.688	1.054	1.276	0.892	0.378	0.175	0.143	0.172	0.221	0.230	0.215	0.186	0.316	2.228	9.845	21.45	17.95	7.303	0.937	0.042	0.022	0.018	0.017	0.014	0.014	0.013	0.013	0.012	0.012	0.013	0.011	0.011	0.012	0.009	0.010	0.013	0.011	0.009	0.013	0.013	0.012	0.012	0.010	0.010	0.012	0.016	0.014
390.0	1.418	1.319	1.397	1.435	1.448	1.437	1.413	1.410	1.398	1.384	1.356	1.339	1.299	1.241	1.171	1.078	0.977	0.875	0.772	0.675	0.595	0.527	0.477	0.427	0.395	0.369	0.352	0.338	0.322	0.331	0.454	0.697	1.060	1.199	0.775	0.297	0.154	0.140	0.172	0.218	0.228	0.207	0.177	0.326	1.948	9.656	19.61	18.65	7.136	0.955	0.044	0.021	0.019	0.016	0.014	0.014	0.013	0.012	0.012	0.012	0.012	0.011	0.011	0.011	0.011	0.012	0.011	0.011	0.013	0.013	0.012	0.012	0.010	0.010	0.011	0.015	0.015
393.0	1.321	1.223	1.250	1.324	1.295	1.295	1.279	1.253	1.250	1.243	1.208	1.192	1.157	1.114	1.036	0.976	0.892	0.809	0.713	0.625	0.543	0.487	0.446	0.410	0.375	0.355	0.333	0.321	0.313	0.296	0.334	0.472	0.729	1.090	1.117	0.614	0.235	0.151	0.140	0.177	0.224	0.225	0.208	0.170	0.301	2.018	9.689	19.66	17.53	6.520	0.924	0.042	0.020	0.018	0.016	0.015	0.013	0.013	0.012	0.013	0.012	0.011	0.011	0.010	0.012	0.013	0.010	0.011	0.012	0.013	0.011	0.011	0.011	0.009	0.011	0.014	0.014
396.0	1.253	1.127	1.157	1.182	1.191	1.159	1.140	1.135	1.117	1.107	1.081	1.060	1.041	1.002	0.943	0.886	0.812	0.736	0.651	0.581	0.513	0.456	0.421	0.385	0.363	0.346	0.328	0.310	0.313	0.297	0.294	0.349	0.509	0.773	1.101	1.012	0.497	0.212	0.145	0.146	0.191	0.224	0.224	0.195	0.161	0.302	2.019	9.098	18.94	16.68	6.597	0.866	0.038	0.021	0.017	0.016	0.014	0.013	0.012	0.013	0.012	0.011	0.012	0.011	0.011	0.012	0.010	0.011	0.012	0.012	0.011	0.011	0.011	0.011	0.012	0.013	0.014
399.0	1.160	1.035	1.059	1.087	1.070	1.042	1.029	1.012	0.990	0.984	0.970	0.951	0.928	0.890	0.845	0.788	0.743	0.667	0.607	0.533	0.481	0.433	0.398	0.370	0.351	0.333	0.321	0.312	0.301	0.299	0.286	0.297	0.364	0.540	0.801	1.084	0.884	0.429	0.185	0.149	0.155	0.194	0.226	0.216	0.189	0.166	0.306	1.826	8.749	17.61	16.56	6.595	0.928	0.042	0.019	0.017	0.015	0.013	0.013	0.012	0.013	0.011	0.011	0.011	0.011	0.014	0.011	0.011	0.012	0.011	0.010	0.011	0.010	0.009	0.011	0.012	0.015
402.0	1.040	0.946	0.955	0.977	0.972	0.959	0.923	0.911	0.900	0.883	0.875	0.854	0.840	0.802	0.769	0.717	0.672	0.609	0.555	0.496	0.449	0.408	0.383	0.349	0.335	0.323	0.312	0.305	0.302	0.300	0.286	0.286	0.294	0.387	0.565	0.863	1.061	0.790	0.329	0.181	0.152	0.163	0.196	0.223	0.212	0.189	0.157	0.277	1.788	8.261	17.38	16.08	6.113	0.805	0.036	0.020	0.016	0.014	0.016	0.013	0.013	0.011	0.012	0.010	0.013	0.012	0.011	0.012	0.011	0.012	0.010	0.011	0.010	0.009	0.010	0.012	0.014
405.0	0.947	0.859	0.890	0.904	0.883	0.855	0.843	0.818	0.813	0.805	0.780	0.775	0.757	0.721	0.697	0.656	0.614	0.563	0.518	0.467	0.416	0.393	0.357	0.337	0.321	0.311	0.302	0.297	0.295	0.291	0.281	0.281	0.277	0.299	0.403	0.594	0.884	1.015	0.649	0.284	0.172	0.155	0.166	0.199	0.216	0.205	0.181	0.151	0.275	1.680	7.911	17.02	15.36	5.944	0.797	0.037	0.018	0.016	0.017	0.014	0.013	0.012	0.012	0.010	0.011	0.012	0.011	0.010	0.012	0.011	0.010	0.010	0.010	0.009	0.009	0.011	0.015
408.0	0.862	0.801	0.817	0.848	0.822	0.794	0.769	0.748	0.737	0.728	0.718	0.714	0.687	0.671	0.636	0.605	0.557	0.524	0.470	0.426	0.395	0.363	0.334	0.322	0.307	0.298	0.297	0.291	0.285	0.277	0.270	0.274	0.266	0.262	0.309	0.434	0.625	0.895	0.934	0.553	0.244	0.164	0.150	0.164	0.196	0.210	0.196	0.176	0.144	0.260	1.624	7.928	16.13	14.77	5.840	0.867	0.039	0.018	0.016	0.016	0.013	0.013	0.013	0.011	0.011	0.011	0.011	0.010	0.012	0.011	0.010	0.010	0.009	0.009	0.010	0.013	0.013
411.0	0.779	0.755	0.758	0.783	0.760	0.732	0.696	0.677	0.657	0.672	0.645	0.642	0.627	0.607	0.589	0.554	0.520	0.475	0.437	0.402	0.366	0.337	0.327	0.301	0.292	0.283	0.282	0.277	0.272	0.271	0.266	0.263	0.261	0.255	0.260	0.317	0.444	0.638	0.912	0.861	0.464	0.208	0.159	0.146	0.158	0.195	0.201	0.186	0.166	0.132	0.240	1.547	7.297	15.57	14.58	6.057	0.759	0.038	0.020	0.017	0.015	0.013	0.012	0.011	0.011	0.011	0.011	0.010	0.011	0.011	0.010	0.010	0.009	0.009	0.010	0.011	0.012
414.0	0.708	0.694	0.708	0.714	0.683	0.665	0.639	0.628	0.610	0.608	0.594	0.594	0.581	0.557	0.541	0.505	0.472	0.450	0.411	0.379	0.342	0.313	0.304	0.287	0.280	0.273	0.269	0.266	0.261	0.260	0.260	0.255	0.257	0.251	0.249	0.264	0.330	0.462	0.685	0.915	0.767	0.369	0.190	0.150	0.143	0.159	0.190	0.190	0.179	0.149	0.120	0.232	1.504	7.282	15.26	14.25	5.458	0.898	0.037	0.018	0.016	0.014	0.012	0.011	0.011	0.012	0.012	0.010	0.011	0.010	0.010	0.010	0.009	0.009	0.009	0.012	0.011
417.0	0.686	0.672	0.657	0.654	0.648	0.599	0.591	0.565	0.552	0.550	0.539	0.539	0.530	0.518	0.503	0.475	0.441	0.419	0.385	0.352	0.325	0.304	0.287	0.275	0.273	0.264	0.263	0.264	0.256	0.263	0.260	0.258	0.252	0.250	0.248	0.244	0.270	0.346	0.497	0.722	0.893	0.663	0.308	0.170	0.146	0.137	0.158	0.183	0.176	0.162	0.138	0.108	0.216	1.527	7.234	14.88	13.59	6.060	0.752	0.033	0.018	0.016	0.015	0.012	0.012	0.012	0.012	0.010	0.012	0.011	0.011	0.010	0.009	0.009	0.010	0.012	0.011
420.0	0.636	0.612	0.621	0.608	0.603	0.567	0.547	0.520	0.511	0.507	0.483	0.497	0.485	0.465	0.459	0.433	0.408	0.389	0.356	0.336	0.303	0.284	0.276	0.264	0.256	0.253	0.254	0.255	0.255	0.262	0.254	0.253	0.249	0.249	0.249	0.250	0.246	0.265	0.372	0.506	0.734	0.855	0.573	0.259	0.164	0.141	0.133	0.152	0.176	0.167	0.148	0.127	0.097	0.210	1.410	6.624	14.32	15.29	5.513	0.749	0.037	0.017	0.016	0.013	0.012	0.014	0.012	0.011	0.012	0.010	0.011	0.010	0.010	0.009	0.010	0.012	0.012
423.0	0.612	0.576	0.583	0.565	0.566	0.535	0.494	0.468	0.467	0.472	0.453	0.452	0.450	0.433	0.427	0.408	0.379	0.370	0.334	0.314	0.289	0.276	0.266	0.257	0.252	0.245	0.249	0.247	0.252	0.258	0.256	0.255	0.255	0.255	0.256	0.253	0.248	0.243	0.291	0.388	0.534	0.755	0.791	0.474	0.222	0.151	0.131	0.129	0.149	0.166	0.150	0.136	0.112	0.089	0.197	1.352	6.618	15.56	12.94	5.115	0.838	0.037	0.017	0.014	0.013	0.014	0.012	0.011	0.012	0.010	0.011	0.009	0.010	0.008	0.010	0.012	0.011
426.0	0.570	0.529	0.547	0.543	0.530	0.498	0.463	0.445	0.426	0.431	0.429	0.432	0.425	0.402	0.399	0.374	0.354	0.348	0.322	0.303	0.280	0.260	0.252	0.242	0.240	0.236	0.243	0.242	0.250	0.256	0.255	0.253	0.258	0.259	0.256	0.257	0.251	0.243	0.249	0.306	0.411	0.558	0.760	0.717	0.396	0.190	0.143	0.125	0.123	0.146	0.155	0.141	0.129	0.104	0.081	0.186	1.299	6.878	13.27	12.63	5.503	0.720	0.033	0.014	0.015	0.015	0.012	0.013	0.012	0.010	0.010	0.010	0.010	0.008	0.010	0.013	0.012
429.0	0.507	0.487	0.516	0.511	0.504	0.465	0.442	0.417	0.411	0.397	0.392	0.397	0.392	0.379	0.371	0.360	0.341	0.323	0.306	0.290	0.268	0.252	0.240	0.231	0.234	0.233	0.235	0.239	0.245	0.251	0.254	0.250	0.255	0.256	0.257	0.256	0.253	0.246	0.244	0.258	0.319	0.427	0.569	0.752	0.643	0.330	0.164	0.131	0.118	0.118	0.133	0.148	0.133	0.117	0.093	0.076	0.179	1.306	5.800	12.92	13.14	5.161	0.803	0.036	0.017	0.016	0.014	0.013	0.014	0.011	0.010	0.009	0.010	0.008	0.010	0.012	0.011
432.0	0.501	0.468	0.491	0.479	0.452	0.435	0.420	0.392	0.371	0.384	0.369	0.368	0.361	0.356	0.346	0.330	0.319	0.304	0.289	0.272	0.256	0.235	0.231	0.226	0.225	0.225	0.228	0.233	0.240	0.243	0.249	0.246	0.251	0.255	0.251	0.254	0.253	0.251	0.247	0.242	0.262	0.339	0.430	0.598	0.740	0.561	0.257	0.151	0.122	0.107	0.109	0.126	0.134	0.120	0.105	0.086	0.070	0.178	1.140	5.837	13.09	12.16	5.458	0.766	0.038	0.017	0.015	0.014	0.014	0.012	0.011	0.009	0.010	0.008	0.010	0.012	0.011
435.0	0.457	0.439	0.454	0.446	0.437	0.404	0.387	0.358	0.363	0.345	0.344	0.339	0.332	0.325	0.322	0.310	0.297	0.282	0.270	0.252	0.235	0.224	0.212	0.213	0.222	0.212	0.219	0.219	0.227	0.239	0.239	0.247	0.252	0.248	0.249	0.250	0.243	0.238	0.243	0.238	0.236	0.265	0.336	0.439	0.612	0.703	0.456	0.214	0.132	0.108	0.097	0.100	0.118	0.120	0.106	0.102	0.078	0.068	0.161	1.126	5.695	12.35	13.26	5.169	0.796	0.040	0.015	0.015	0.014	0.012	0.011	0.011	0.011	0.009	0.010	0.012	0.012
438.0	0.425	0.417	0.422	0.432	0.405	0.381	0.355	0.340	0.329	0.333	0.317	0.321	0.311	0.302	0.295	0.290	0.269	0.261	0.251	0.239	0.224	0.213	0.204	0.206	0.203	0.204	0.208	0.215	0.221	0.227	0.231	0.231	0.237	0.241	0.243	0.244	0.246	0.239	0.238	0.231	0.225	0.224	0.264	0.337	0.441	0.607	0.638	0.385	0.173	0.114	0.095	0.084	0.091	0.110	0.108	0.101	0.092	0.075	0.062	0.159	1.101	5.481	13.42	11.92	5.263	0.860	0.034	0.015	0.015	0.013	0.012	0.011	0.011	0.008	0.010	0.012	0.011
441.0	0.410	0.393	0.397	0.409	0.374	0.359	0.336	0.321	0.313	0.311	0.292	0.285	0.289	0.279	0.274	0.266	0.256	0.245	0.235	0.220	0.216	0.200	0.199	0.196	0.192	0.196	0.203	0.207	0.212	0.214	0.227	0.227	0.232	0.235	0.236	0.239	0.239	0.233	0.232	0.226	0.223	0.216	0.222	0.266	0.343	0.447	0.619	0.574	0.298	0.138	0.095	0.079	0.072	0.082	0.102	0.103	0.089	0.088	0.068	0.058	0.150	1.061	5.941	11.71	12.09	5.203	0.729	0.034	0.016	0.014	0.012	0.011	0.011	0.009	0.011	0.010	0.011
444.0	0.387	0.364	0.386	0.380	0.367	0.343	0.313	0.292	0.288	0.285	0.277	0.260	0.269	0.261	0.257	0.248	0.236	0.234	0.221	0.207	0.204	0.189	0.189	0.185	0.185	0.187	0.187	0.196	0.204	0.211	0.221	0.219	0.227	0.226	0.230	0.232	0.235	0.230	0.225	0.222	0.219	0.210	0.207	0.217	0.272	0.334	0.458	0.594	0.489	0.234	0.115	0.078	0.070	0.063	0.076	0.100	0.092	0.086	0.084	0.060	0.054	0.145	1.136	5.008	11.85	11.65	4.923	0.834	0.038	0.015	0.013	0.012	0.011	0.009	0.010	0.011	0.012
447.0	0.368	0.340	0.356	0.348	0.333	0.317	0.293	0.274	0.268	0.261	0.259	0.256	0.253	0.251	0.239	0.235	0.222	0.221	0.204	0.201	0.191	0.180	0.179	0.178	0.180	0.179	0.186	0.189	0.195	0.203	0.209	0.214	0.223	0.226	0.227	0.234	0.232	0.229	0.222	0.222	0.216	0.209	0.201	0.195	0.212	0.269	0.341	0.458	0.574	0.418	0.189	0.088	0.069	0.059	0.058	0.077	0.089	0.087	0.083	0.078	0.057	0.049	0.153	0.959	5.150	11.16	11.66	5.239	0.834	0.036	0.015	0.013	0.011	0.010	0.010	0.012	0.012
450.0	0.344	0.331	0.341	0.326	0.316	0.309	0.282	0.256	0.250	0.250	0.247	0.245	0.239	0.234	0.233	0.220	0.211	0.205	0.191	0.191	0.176	0.173	0.174	0.168	0.168	0.169	0.180	0.184	0.191	0.200	0.203	0.208	0.217	0.218	0.222	0.226	0.226	0.224	0.218	0.220	0.215	0.205	0.198	0.186	0.186	0.213	0.267	0.331	0.465	0.528	0.346	0.141	0.074	0.060	0.052	0.056	0.071	0.087	0.080	0.080	0.074	0.053	0.049	0.130	0.949	4.716	11.55	11.45	5.001	0.732	0.034	0.013	0.012	0.011	0.012	0.013	0.012
453.0	0.320	0.328	0.333	0.307	0.294	0.292	0.268	0.249	0.242	0.236	0.232	0.235	0.231	0.221	0.218	0.209	0.198	0.197	0.188	0.179	0.175	0.165	0.166	0.162	0.162	0.166	0.174	0.182	0.185	0.193	0.199	0.204	0.212	0.214	0.224	0.223	0.226	0.221	0.214	0.218	0.209	0.205	0.193	0.189	0.175	0.177	0.210	0.265	0.337	0.475	0.486	0.271	0.109	0.064	0.051	0.049	0.051	0.071	0.084	0.078	0.077	0.072	0.047	0.042	0.128	0.881	4.878	10.34	10.91	4.756	0.762	0.032	0.012	0.011	0.013	0.014	0.014
456.0	0.317	0.312	0.332	0.308	0.298	0.269	0.255	0.236	0.232	0.229	0.228	0.226	0.222	0.213	0.216	0.199	0.195	0.193	0.184	0.178	0.168	0.164	0.163	0.161	0.158	0.165	0.169	0.178	0.186	0.195	0.199	0.202	0.212	0.212	0.221	0.225	0.227	0.220	0.216	0.217	0.210	0.202	0.192	0.187	0.176	0.159	0.170	0.211	0.265	0.345	0.476	0.438	0.212	0.083	0.055	0.048	0.043	0.050	0.073	0.083	0.077	0.076	0.065	0.044	0.043	0.120	0.886	4.167	10.43	10.68	4.585	0.673	0.028	0.012	0.012	0.013	0.014
459.0	0.310	0.300	0.313	0.295	0.278	0.268	0.247	0.230	0.222	0.218	0.211	0.213	0.206	0.202	0.202	0.195	0.185	0.181	0.176	0.172	0.165	0.160	0.158	0.155	0.154	0.163	0.173	0.172	0.178	0.185	0.195	0.197	0.200	0.209	0.212	0.218	0.220	0.220	0.215	0.213	0.205	0.200	0.193	0.181	0.174	0.160	0.149	0.163	0.212	0.261	0.352	0.467	0.377	0.165	0.069	0.052	0.043	0.041	0.050	0.071	0.081	0.070	0.073	0.060	0.045	0.040	0.117	0.724	4.228	10.17	10.43	4.610	0.684	0.033	0.013	0.013	0.014
462.0	0.293	0.291	0.301	0.281	0.280	0.264	0.244	0.227	0.213	0.206	0.198	0.209	0.202	0.193	0.191	0.182	0.182	0.172	0.167	0.167	0.150	0.151	0.150	0.147	0.154	0.155	0.162	0.170	0.174	0.178	0.192	0.192	0.202	0.205	0.208	0.216	0.221	0.213	0.213	0.213	0.206	0.200	0.192	0.177	0.170	0.159	0.148	0.140	0.164	0.209	0.255	0.361	0.453	0.319	0.124	0.060	0.045	0.041	0.041	0.054	0.072	0.076	0.072	0.064	0.059	0.040	0.038	0.101	0.758	4.210	9.804	10.20	4.246	0.832	0.045	0.017	0.016
465.0	0.283	0.273	0.281	0.282	0.270	0.248	0.234	0.223	0.207	0.193	0.189	0.202	0.201	0.185	0.183	0.182	0.172	0.167	0.157	0.154	0.156	0.142	0.143	0.146	0.147	0.151	0.156	0.164	0.171	0.174	0.190	0.188	0.199	0.200	0.209	0.211	0.213	0.211	0.205	0.211	0.202	0.195	0.192	0.176	0.169	0.160	0.146	0.130	0.128	0.161	0.207	0.258	0.379	0.428	0.256	0.099	0.047	0.043	0.041	0.040	0.053	0.069	0.076	0.063	0.066	0.056	0.037	0.036	0.104	0.741	3.921	9.546	9.748	4.870	0.869	0.048	0.017
468.0	0.280	0.264	0.283	0.265	0.257	0.240	0.229	0.202	0.197	0.184	0.182	0.193	0.183	0.181	0.171	0.169	0.163	0.162	0.159	0.154	0.148	0.140	0.140	0.141	0.138	0.148	0.147	0.155	0.165	0.165	0.179	0.178	0.195	0.193	0.196	0.203	0.204	0.200	0.203	0.202	0.199	0.192	0.190	0.169	0.165	0.153	0.139	0.131	0.116	0.125	0.160	0.202	0.258	0.388	0.388	0.212	0.073	0.046	0.040	0.034	0.040	0.049	0.073	0.068	0.063	0.065	0.052	0.036	0.039	0.104	0.672	3.842	8.975	9.631	4.982	0.961	0.048
471.0	0.285	0.264	0.270	0.262	0.250	0.234	0.221	0.198	0.196	0.187	0.180	0.184	0.183	0.170	0.167	0.155	0.155	0.155	0.151	0.146	0.145	0.138	0.137	0.134	0.131	0.145	0.147	0.149	0.155	0.163	0.173	0.175	0.183	0.187	0.195	0.201	0.200	0.200	0.197	0.196	0.196	0.189	0.185	0.171	0.160	0.151	0.136	0.126	0.113	0.105	0.117	0.162	0.198	0.269	0.387	0.345	0.153	0.062	0.041	0.035	0.036	0.037	0.053	0.067	0.066	0.060	0.062	0.050	0.036	0.036	0.092	0.703	3.545	8.127	10.06	4.844	0.771
474.0	0.262	0.253	0.274	0.243	0.237	0.227	0.213	0.190	0.182	0.176	0.171	0.176	0.172	0.167	0.161	0.151	0.150	0.140	0.141	0.140	0.137	0.128	0.131	0.129	0.131	0.138	0.142	0.142	0.152	0.160	0.172	0.171	0.179	0.182	0.189	0.193	0.198	0.189	0.195	0.189	0.183	0.183	0.176	0.166	0.157	0.147	0.136	0.126	0.112	0.101	0.098	0.113	0.158	0.195	0.277	0.379	0.289	0.127	0.051	0.038	0.037	0.033	0.038	0.052	0.066	0.065	0.056	0.059	0.049	0.032	0.031	0.096	0.585	2.964	8.552	9.272	4.458
477.0	0.248	0.244	0.259	0.240	0.222	0.222	0.215	0.184	0.174	0.174	0.171	0.169	0.167	0.157	0.153	0.150	0.146	0.136	0.135	0.136	0.131	0.132	0.128	0.126	0.125	0.133	0.139	0.141	0.144	0.153	0.164	0.167	0.174	0.176	0.184	0.186	0.185	0.187	0.192	0.188	0.179	0.178	0.168	0.164	0.151	0.144	0.131	0.122	0.107	0.101	0.090	0.090	0.117	0.159	0.196	0.296	0.365	0.251	0.094	0.044	0.036	0.033	0.032	0.037	0.054	0.068	0.058	0.056	0.057	0.044	0.027	0.032	0.083	0.501	3.112	7.600	9.292
480.0	0.260	0.244	0.242	0.243	0.211	0.212	0.201	0.183	0.177	0.167	0.156	0.165	0.160	0.150	0.150	0.139	0.137	0.130	0.134	0.128	0.121	0.124	0.121	0.119	0.119	0.121	0.133	0.138	0.140	0.150	0.157	0.157	0.165	0.167	0.178	0.176	0.180	0.183	0.181	0.182	0.179	0.173	0.166	0.156	0.145	0.140	0.131	0.117	0.107	0.098	0.088	0.077	0.089	0.117	0.156	0.198	0.306	0.346	0.208	0.073	0.043	0.034	0.030	0.029	0.037	0.054	0.063	0.056	0.053	0.057	0.038	0.027	0.029	0.072	0.496	2.719	8.268
483.0	0.245	0.223	0.238	0.239	0.202	0.197	0.193	0.173	0.164	0.164	0.160	0.157	0.152	0.142	0.135	0.137	0.130	0.124	0.122	0.123	0.122	0.120	0.114	0.115	0.118	0.114	0.126	0.128	0.137	0.141	0.147	0.152	0.161	0.163	0.171	0.172	0.172	0.175	0.173	0.171	0.168	0.164	0.159	0.145	0.141	0.133	0.125	0.114	0.103	0.094	0.084	0.075	0.073	0.085	0.117	0.155	0.206	0.312	0.318	0.155	0.060	0.036	0.031	0.028	0.031	0.036	0.054	0.063	0.054	0.050	0.052	0.035	0.025	0.027	0.074	0.447	3.062
486.0	0.250	0.225	0.236	0.219	0.205	0.186	0.183	0.163	0.161	0.163	0.150	0.149	0.141	0.134	0.136	0.132	0.126	0.119	0.124	0.114	0.110	0.114	0.110	0.107	0.111	0.111	0.118	0.122	0.130	0.135	0.141	0.146	0.150	0.158	0.164	0.165	0.170	0.168	0.167	0.169	0.161	0.162	0.151	0.144	0.131	0.127	0.120	0.109	0.097	0.090	0.083	0.071	0.065	0.067	0.085	0.122	0.155	0.213	0.321	0.274	0.126	0.046	0.032	0.028	0.028	0.030	0.035	0.053	0.060	0.052	0.050	0.048	0.035	0.023	0.029	0.070	0.510
489.0	0.374	0.213	0.218	0.202	0.188	0.182	0.168	0.158	0.156	0.147	0.150	0.145	0.138	0.125	0.126	0.124	0.121	0.116	0.112	0.102	0.111	0.106	0.106	0.104	0.106	0.106	0.116	0.116	0.124	0.132	0.134	0.137	0.143	0.151	0.151	0.158	0.167	0.159	0.158	0.158	0.154	0.152	0.145	0.139	0.132	0.121	0.114	0.106	0.092	0.086	0.080	0.069	0.066	0.061	0.061	0.087	0.121	0.149	0.233	0.319	0.242	0.096	0.038	0.029	0.028	0.031	0.025	0.034	0.056	0.059	0.049	0.046	0.047	0.033	0.025	0.031	0.076
492.0	1.204	0.219	0.210	0.196	0.187	0.183	0.162	0.154	0.146	0.130	0.139	0.137	0.130	0.122	0.121	0.118	0.114	0.111	0.106	0.106	0.103	0.099	0.103	0.100	0.102	0.104	0.113	0.114	0.119	0.124	0.128	0.131	0.137	0.144	0.145	0.148	0.153	0.150	0.153	0.149	0.146	0.143	0.139	0.132	0.126	0.118	0.108	0.103	0.088	0.083	0.076	0.067	0.064	0.058	0.051	0.060	0.091	0.126	0.153	0.252	0.306	0.194	0.072	0.033	0.028	0.029	0.021	0.028	0.039	0.054	0.057	0.043	0.045	0.043	0.032	0.027	0.031
495.0	3.530	0.353	0.202	0.190	0.174	0.167	0.153	0.149	0.139	0.134	0.129	0.132	0.128	0.117	0.119	0.111	0.111	0.105	0.101	0.101	0.101	0.088	0.099	0.097	0.096	0.097	0.101	0.111	0.109	0.118	0.121	0.128	0.137	0.138	0.134	0.144	0.147	0.145	0.147	0.142	0.143	0.136	0.134	0.126	0.123	0.115	0.105	0.097	0.087	0.080	0.070	0.066	0.064	0.058	0.049	0.047	0.064	0.095	0.124	0.166	0.263	0.288	0.151	0.052	0.034	0.031	0.021	0.024	0.029	0.040	0.052	0.049	0.040	0.040	0.042	0.034	0.027
498.0	7.581	1.216	0.213	0.188	0.173	0.166	0.156	0.141	0.137	0.129	0.121	0.117	0.127	0.109	0.112	0.112	0.105	0.100	0.096	0.099	0.095	0.089	0.090	0.089	0.089	0.096	0.094	0.105	0.101	0.113	0.117	0.119	0.127	0.129	0.135	0.138	0.142	0.140	0.140	0.136	0.136	0.133	0.129	0.120	0.115	0.109	0.100	0.090	0.084	0.080	0.071	0.065	0.061	0.056	0.049	0.047	0.050	0.069	0.101	0.126	0.174	0.275	0.256	0.129	0.047	0.032	0.024	0.024	0.025	0.029	0.041	0.050	0.046	0.038	0.042	0.045	0.032
501.0	12.16	3.546	0.350	0.172	0.171	0.159	0.151	0.142	0.128	0.131	0.126	0.116	0.115	0.106	0.109	0.102	0.096	0.096	0.092	0.092	0.095	0.087	0.086	0.085	0.089	0.091	0.097	0.100	0.101	0.107	0.112	0.115	0.122	0.121	0.129	0.130	0.135	0.133	0.133	0.130	0.132	0.128	0.122	0.117	0.113	0.106	0.098	0.090	0.082	0.077	0.069	0.061	0.056	0.054	0.049	0.048	0.044	0.050	0.075	0.107	0.130	0.193	0.279	0.225	0.097	0.039	0.025	0.024	0.024	0.024	0.029	0.040	0.050	0.045	0.037	0.047	0.044
504.0	14.77	7.457	1.254	0.181	0.162	0.146	0.145	0.138	0.128	0.118	0.122	0.113	0.112	0.103	0.096	0.097	0.096	0.094	0.087	0.088	0.090	0.083	0.084	0.077	0.085	0.087	0.095	0.095	0.095	0.105	0.108	0.109	0.121	0.119	0.124	0.123	0.126	0.129	0.131	0.127	0.127	0.119	0.118	0.109	0.106	0.100	0.098	0.090	0.080	0.074	0.067	0.061	0.058	0.052	0.048	0.048	0.042	0.043	0.053	0.081	0.111	0.124	0.208	0.279	0.194	0.079	0.029	0.025	0.025	0.023	0.025	0.028	0.039	0.049	0.044	0.042	0.045
507.0	13.05	12.01	3.945	0.370	0.155	0.153	0.146	0.139	0.132	0.118	0.113	0.115	0.107	0.106	0.093	0.094	0.088	0.088	0.085	0.094	0.087	0.082	0.081	0.076	0.084	0.085	0.087	0.092	0.096	0.096	0.105	0.109	0.113	0.111	0.117	0.120	0.122	0.121	0.124	0.123	0.120	0.116	0.112	0.109	0.103	0.098	0.090	0.087	0.078	0.072	0.067	0.060	0.054	0.051	0.046	0.044	0.042	0.042	0.045	0.057	0.085	0.106	0.135	0.218	0.263	0.166	0.053	0.031	0.027	0.023	0.022	0.021	0.025	0.040	0.051	0.049	0.041
510.0	8.180	14.38	8.796	1.462	0.164	0.160	0.142	0.132	0.125	0.109	0.112	0.110	0.105	0.107	0.091	0.093	0.084	0.087	0.079	0.087	0.082	0.073	0.080	0.072	0.081	0.081	0.083	0.087	0.094	0.096	0.100	0.103	0.107	0.104	0.110	0.110	0.117	0.116	0.113	0.117	0.111	0.114	0.108	0.103	0.099	0.093	0.086	0.085	0.070	0.068	0.066	0.061	0.053	0.050	0.045	0.043	0.043	0.042	0.040	0.042	0.061	0.084	0.109	0.143	0.231	0.245	0.121	0.047	0.029	0.024	0.022	0.020	0.021	0.027	0.042	0.057	0.045
513.0	3.283	12.63	14.42	4.414	0.389	0.155	0.137	0.131	0.120	0.115	0.102	0.110	0.105	0.104	0.100	0.088	0.087	0.086	0.080	0.086	0.081	0.074	0.079	0.078	0.075	0.076	0.078	0.081	0.087	0.092	0.096	0.099	0.104	0.103	0.109	0.110	0.108	0.111	0.112	0.114	0.107	0.110	0.104	0.099	0.097	0.092	0.084	0.078	0.073	0.067	0.061	0.059	0.052	0.048	0.045	0.043	0.042	0.040	0.038	0.037	0.045	0.062	0.094	0.106	0.158	0.241	0.206	0.102	0.038	0.027	0.024	0.021	0.020	0.021	0.029	0.049	0.055
516.0	0.944	7.995	17.46	9.304	1.612	0.153	0.138	0.134	0.126	0.115	0.108	0.113	0.106	0.095	0.096	0.090	0.087	0.085	0.078	0.081	0.078	0.075	0.075	0.082	0.074	0.076	0.078	0.080	0.085	0.089	0.091	0.091	0.099	0.101	0.100	0.107	0.105	0.105	0.105	0.115	0.102	0.102	0.099	0.091	0.093	0.086	0.083	0.078	0.070	0.066	0.057	0.057	0.050	0.045	0.045	0.041	0.040	0.041	0.037	0.037	0.040	0.044	0.072	0.094	0.107	0.168	0.243	0.188	0.077	0.030	0.026	0.022	0.021	0.021	0.023	0.037	0.051
519.0	0.448	3.010	15.56	14.86	4.881	0.344	0.142	0.130	0.115	0.107	0.104	0.107	0.095	0.091	0.090	0.093	0.081	0.084	0.079	0.074	0.074	0.070	0.073	0.076	0.072	0.074	0.077	0.079	0.075	0.086	0.087	0.088	0.094	0.094	0.101	0.102	0.101	0.107	0.105	0.106	0.098	0.097	0.092	0.092	0.091	0.082	0.080	0.076	0.065	0.061	0.056	0.053	0.049	0.046	0.044	0.041	0.038	0.040	0.037	0.037	0.038	0.037	0.051	0.072	0.094	0.112	0.187	0.231	0.157	0.056	0.029	0.023	0.021	0.021	0.020	0.029	0.038
522.0	0.404	0.804	9.807	17.59	10.13	1.555	0.157	0.129	0.108	0.103	0.102	0.100	0.090	0.090	0.088	0.092	0.074	0.078	0.078	0.072	0.071	0.072	0.070	0.072	0.071	0.074	0.080	0.076	0.077	0.079	0.083	0.092	0.086	0.091	0.098	0.097	0.098	0.099	0.102	0.100	0.097	0.095	0.089	0.090	0.088	0.082	0.079	0.073	0.065	0.060	0.056	0.052	0.049	0.047	0.043	0.040	0.039	0.037	0.036	0.036	0.038	0.033	0.037	0.054	0.079	0.093	0.120	0.191	0.222	0.119	0.046	0.025	0.021	0.021	0.019	0.025	0.029
525.0	0.400	0.423	3.879	15.29	15.79	4.616	0.426	0.136	0.120	0.101	0.106	0.097	0.094	0.086	0.088	0.084	0.077	0.075	0.078	0.071	0.072	0.069	0.071	0.068	0.069	0.073	0.075	0.076	0.076	0.080	0.081	0.086	0.083	0.091	0.092	0.094	0.094	0.097	0.096	0.094	0.094	0.094	0.086	0.086	0.085	0.081	0.074	0.069	0.064	0.060	0.055	0.052	0.047	0.042	0.042	0.040	0.039	0.039	0.038	0.039	0.035	0.032	0.035	0.039	0.061	0.083	0.091	0.130	0.206	0.199	0.094	0.034	0.022	0.020	0.019	0.027	0.026
528.0	0.384	0.407	0.974	9.194	18.06	10.13	1.843	0.144	0.123	0.105	0.099	0.099	0.099	0.093	0.086	0.079	0.080	0.073	0.069	0.071	0.067	0.065	0.071	0.069	0.068	0.069	0.073	0.077	0.072	0.072	0.077	0.077	0.081	0.085	0.086	0.090	0.087	0.091	0.090	0.093	0.091	0.086	0.082	0.083	0.080	0.072	0.070	0.066	0.060	0.058	0.053	0.049	0.046	0.043	0.040	0.039	0.036	0.040	0.034	0.039	0.036	0.034	0.033	0.032	0.044	0.064	0.081	0.094	0.140	0.210	0.171	0.072	0.028	0.022	0.020	0.026	0.024
531.0	0.445	0.385	0.477	3.428	15.23	16.15	5.388	0.396	0.134	0.109	0.103	0.108	0.094	0.089	0.086	0.087	0.082	0.072	0.069	0.068	0.064	0.063	0.062	0.064	0.066	0.061	0.071	0.072	0.068	0.072	0.074	0.076	0.076	0.082	0.082	0.084	0.085	0.089	0.084	0.089	0.088	0.088	0.082	0.083	0.077	0.069	0.069	0.064	0.061	0.056	0.050	0.048	0.043	0.044	0.041	0.040	0.040	0.040	0.037	0.035	0.037	0.033	0.034	0.031	0.035	0.046	0.067	0.084	0.097	0.159	0.203	0.139	0.053	0.026	0.022	0.028	0.023
534.0	0.613	0.386	0.437	0.884	8.754	19.02	11.14	1.808	0.151	0.112	0.104	0.116	0.097	0.089	0.091	0.084	0.083	0.077	0.070	0.071	0.073	0.060	0.068	0.065	0.063	0.062	0.064	0.066	0.069	0.073	0.073	0.077	0.076	0.082	0.086	0.086	0.078	0.083	0.083	0.085	0.085	0.084	0.077	0.075	0.075	0.070	0.071	0.062	0.062	0.057	0.054	0.048	0.043	0.045	0.040	0.041	0.040	0.041	0.036	0.035	0.038	0.033	0.034	0.032	0.032	0.035	0.052	0.073	0.081	0.102	0.167	0.190	0.108	0.042	0.024	0.028	0.027
537.0	0.949	0.459	0.442	0.489	2.992	16.23	17.53	5.538	0.440	0.108	0.106	0.114	0.102	0.101	0.093	0.088	0.087	0.078	0.066	0.070	0.067	0.059	0.065	0.066	0.062	0.061	0.068	0.062	0.071	0.073	0.069	0.076	0.075	0.079	0.084	0.078	0.077	0.082	0.081	0.080	0.078	0.081	0.076	0.070	0.074	0.071	0.065	0.061	0.056	0.053	0.052	0.047	0.043	0.044	0.044	0.043	0.040	0.038	0.034	0.039	0.036	0.034	0.034	0.033	0.031	0.032	0.034	0.052	0.076	0.081	0.107	0.175	0.173	0.097	0.037	0.031	0.028
540.0	1.295	0.570	0.461	0.500	0.831	9.547	19.81	11.69	1.864	0.140	0.112	0.107	0.109	0.099	0.100	0.091	0.081	0.080	0.073	0.074	0.069	0.059	0.067	0.062	0.059	0.060	0.063	0.061	0.065	0.071	0.066	0.074	0.073	0.080	0.081	0.078	0.077	0.080	0.079	0.080	0.075	0.079	0.075	0.071	0.070	0.067	0.061	0.060	0.056	0.053	0.052	0.047	0.044	0.046	0.039	0.042	0.041	0.040	0.037	0.037	0.038	0.035	0.032	0.036	0.030	0.030	0.028	0.037	0.059	0.074	0.079	0.121	0.187	0.163	0.077	0.040	0.030
543.0	1.620	0.843	0.520	0.558	0.565	3.354	16.16	18.41	5.611	0.486	0.121	0.113	0.112	0.102	0.102	0.084	0.082	0.068	0.069	0.072	0.070	0.062	0.067	0.059	0.064	0.056	0.065	0.060	0.060	0.069	0.069	0.066	0.075	0.074	0.073	0.078	0.077	0.077	0.078	0.076	0.077	0.070	0.074	0.064	0.067	0.068	0.059	0.057	0.055	0.056	0.051	0.044	0.046	0.044	0.041	0.043	0.040	0.036	0.036	0.039	0.038	0.033	0.033	0.035	0.031	0.035	0.029	0.029	0.045	0.065	0.073	0.083	0.129	0.179	0.137	0.073	0.034
546.0	1.728	1.180	0.625	0.566	0.592	0.969	8.874	20.91	12.00	2.083	0.145	0.122	0.111	0.111	0.090	0.085	0.079	0.064	0.070	0.067	0.067	0.068	0.064	0.059	0.059	0.055	0.064	0.058	0.060	0.069	0.064	0.061	0.070	0.067	0.069	0.076	0.077	0.076	0.076	0.070	0.075	0.070	0.068	0.064	0.067	0.066	0.060	0.057	0.052	0.054	0.047	0.046	0.047	0.044	0.042	0.039	0.040	0.041	0.039	0.042	0.041	0.033	0.033	0.036	0.035	0.031	0.028	0.028	0.032	0.053	0.067	0.072	0.082	0.131	0.174	0.125	0.051
549.0	1.667	1.554	0.886	0.586	0.629	0.637	2.968	17.30	18.72	6.139	0.436	0.125	0.114	0.112	0.101	0.095	0.083	0.082	0.073	0.066	0.069	0.063	0.064	0.064	0.060	0.058	0.060	0.057	0.060	0.064	0.061	0.061	0.072	0.066	0.068	0.071	0.072	0.072	0.074	0.074	0.073	0.070	0.067	0.062	0.063	0.060	0.060	0.056	0.052	0.053	0.047	0.046	0.047	0.045	0.042	0.042	0.044	0.041	0.041	0.040	0.043	0.039	0.036	0.036	0.034	0.034	0.029	0.028	0.031	0.037	0.056	0.068	0.070	0.084	0.153	0.173	0.095
552.0	1.354	1.698	1.257	0.685	0.636	0.690	0.945	9.364	21.28	13.37	1.947	0.157	0.120	0.111	0.104	0.093	0.092	0.078	0.069	0.068	0.066	0.068	0.068	0.061	0.060	0.058	0.057	0.054	0.054	0.061	0.059	0.062	0.068	0.067	0.066	0.064	0.075	0.069	0.068	0.071	0.070	0.068	0.066	0.066	0.064	0.061	0.054	0.056	0.051	0.049	0.048	0.047	0.044	0.048	0.044	0.040	0.043	0.043	0.041	0.041	0.042	0.040	0.039	0.036	0.035	0.038	0.031	0.032	0.031	0.034	0.041	0.056	0.067	0.068	0.103	0.161	0.150
555.0	1.028	1.706	1.695	0.954	0.704	0.763	0.718	3.061	17.54	21.04	5.930	0.581	0.117	0.106	0.105	0.096	0.092	0.078	0.068	0.070	0.065	0.063	0.067	0.065	0.061	0.058	0.055	0.054	0.054	0.061	0.056	0.058	0.066	0.060	0.068	0.064	0.072	0.067	0.066	0.069	0.068	0.065	0.066	0.064	0.060	0.061	0.058	0.058	0.051	0.052	0.047	0.042	0.044	0.046	0.044	0.046	0.042	0.046	0.042	0.038	0.045	0.037	0.041	0.038	0.035	0.039	0.032	0.033	0.031	0.031	0.035	0.043	0.060	0.064	0.071	0.115	0.164
558.0	0.872	1.505	2.083	1.336	0.818	0.773	0.829	0.956	9.420	24.40	13.31	2.468	0.165	0.115	0.122	0.101	0.086	0.079	0.066	0.071	0.073	0.065	0.058	0.062	0.057	0.059	0.057	0.056	0.054	0.061	0.057	0.060	0.064	0.059	0.064	0.063	0.070	0.067	0.066	0.069	0.066	0.061	0.071	0.062	0.063	0.060	0.053	0.053	0.051	0.051	0.049	0.045	0.044	0.046	0.046	0.046	0.041	0.046	0.047	0.036	0.049	0.040	0.041	0.039	0.041	0.041	0.033	0.032	0.033	0.034	0.031	0.036	0.048	0.061	0.065	0.083	0.138
561.0	0.841	1.180	2.177	1.888	1.064	0.825	0.867	0.766	2.989	20.53	21.53	7.296	0.563	0.128	0.115	0.102	0.093	0.082	0.074	0.075	0.070	0.066	0.062	0.059	0.062	0.057	0.059	0.062	0.059	0.061	0.060	0.066	0.065	0.065	0.061	0.059	0.066	0.066	0.061	0.064	0.064	0.067	0.061	0.061	0.060	0.062	0.059	0.056	0.054	0.045	0.044	0.048	0.048	0.046	0.047	0.045	0.045	0.047	0.047	0.047	0.049	0.043	0.040	0.036	0.038	0.037	0.036	0.031	0.036	0.034	0.034	0.031	0.039	0.050	0.065	0.073	0.093
564.0	0.795	1.028	1.973	2.303	1.465	0.905	0.921	0.846	0.977	10.78	24.95	15.90	2.406	0.171	0.116	0.109	0.088	0.073	0.078	0.069	0.077	0.072	0.066	0.056	0.062	0.057	0.051	0.061	0.059	0.060	0.059	0.063	0.061	0.060	0.064	0.064	0.063	0.066	0.068	0.066	0.067	0.064	0.056	0.055	0.060	0.059	0.056	0.055	0.053	0.048	0.045	0.051	0.052	0.047	0.050	0.048	0.048	0.052	0.045	0.043	0.048	0.045	0.046	0.042	0.040	0.040	0.038	0.034	0.040	0.037	0.034	0.028	0.033	0.042	0.053	0.073	0.071
567.0	0.825	0.889	1.652	2.492	2.026	1.137	0.959	0.961	0.838	3.192	20.30	24.73	7.567	0.638	0.138	0.118	0.088	0.084	0.075	0.072	0.081	0.071	0.065	0.063	0.057	0.061	0.055	0.054	0.058	0.058	0.057	0.068	0.067	0.059	0.062	0.066	0.063	0.069	0.061	0.068	0.067	0.064	0.057	0.057	0.061	0.054	0.056	0.052	0.054	0.046	0.050	0.054	0.051	0.050	0.057	0.055	0.050	0.051	0.047	0.046	0.054	0.048	0.047	0.044	0.044	0.048	0.038	0.036	0.035	0.036	0.037	0.028	0.035	0.034	0.045	0.071	0.071
570.0	0.895	0.855	1.324	2.395	2.569	1.593	1.072	1.039	1.004	1.122	10.88	27.24	16.83	2.737	0.193	0.118	0.088	0.087	0.085	0.088	0.081	0.068	0.072	0.060	0.059	0.065	0.058	0.055	0.056	0.058	0.055	0.065	0.067	0.064	0.064	0.064	0.071	0.062	0.062	0.070	0.062	0.069	0.060	0.057	0.063	0.056	0.057	0.052	0.056	0.046	0.054	0.052	0.056	0.053	0.056	0.055	0.053	0.050	0.049	0.047	0.058	0.048	0.044	0.049	0.051	0.046	0.039	0.041	0.039	0.043	0.038	0.030	0.035	0.028	0.039	0.065	0.074
573.0	0.953	0.904	1.229	2.043	2.898	2.197	1.346	1.186	1.184	1.065	3.376	21.00	27.01	8.686	0.860	0.116	0.101	0.091	0.087	0.084	0.083	0.075	0.080	0.065	0.067	0.062	0.061	0.064	0.058	0.056	0.061	0.067	0.066	0.067	0.064	0.067	0.067	0.064	0.066	0.073	0.061	0.071	0.062	0.060	0.057	0.058	0.057	0.058	0.057	0.053	0.056	0.050	0.060	0.058	0.059	0.055	0.052	0.054	0.056	0.052	0.062	0.051	0.047	0.053	0.045	0.049	0.038	0.041	0.042	0.045	0.035	0.033	0.036	0.034	0.038	0.062	0.062
576.0	1.037	0.970	1.213	1.748	2.812	2.800	1.793	1.333	1.334	1.277	1.326	10.15	30.07	19.57	3.693	0.191	0.125	0.094	0.094	0.084	0.071	0.087	0.081	0.067	0.066	0.065	0.072	0.065	0.061	0.046	0.066	0.070	0.071	0.066	0.064	0.064	0.074	0.074	0.069	0.065	0.062	0.066	0.066	0.061	0.056	0.053	0.055	0.056	0.054	0.056	0.061	0.056	0.061	0.058	0.057	0.059	0.055	0.053	0.064	0.062	0.058	0.054	0.049	0.052	0.055	0.051	0.044	0.044	0.048	0.050	0.039	0.035	0.037	0.030	0.038	0.056	0.051
579.0	1.130	1.110	1.260	1.543	2.535	3.299	2.404	1.548	1.399	1.458	1.240	2.983	23.61	30.67	11.07	0.817	0.159	0.108	0.088	0.099	0.081	0.090	0.087	0.070	0.069	0.071	0.068	0.064	0.063	0.057	0.059	0.069	0.075	0.067	0.060	0.058	0.068	0.075	0.066	0.069	0.069	0.062	0.063	0.056	0.060	0.057	0.055	0.059	0.057	0.054	0.059	0.058	0.059	0.057	0.056	0.058	0.057	0.056	0.066	0.063	0.058	0.053	0.055	0.052	0.059	0.063	0.048	0.046	0.050	0.049	0.044	0.041	0.034	0.037	0.042	0.054	0.057
582.0	1.136	1.118	1.337	1.447	2.090	3.409	3.130	1.909	1.575	1.521	1.409	1.302	11.28	32.85	23.35	3.676	0.239	0.116	0.088	0.110	0.099	0.092	0.093	0.064	0.070	0.075	0.073	0.068	0.064	0.069	0.058	0.069	0.064	0.070	0.069	0.058	0.062	0.068	0.056	0.068	0.070	0.069	0.065	0.053	0.059	0.054	0.064	0.059	0.059	0.058	0.057	0.062	0.051	0.063	0.058	0.059	0.053	0.056	0.059	0.061	0.058	0.054	0.059	0.054	0.058	0.059	0.053	0.049	0.052	0.051	0.050	0.045	0.039	0.039	0.043	0.062	0.060
585.0	1.201	1.189	1.327	1.453	1.880	3.145	3.644	2.521	1.750	1.597	1.560	1.231	3.221	24.60	34.00	11.28	1.033	0.125	0.099	0.108	0.100	0.089	0.089	0.071	0.078	0.065	0.074	0.072	0.071	0.076	0.065	0.072	0.065	0.068	0.070	0.066	0.054	0.074	0.065	0.056	0.076	0.069	0.066	0.062	0.063	0.062	0.055	0.063	0.064	0.066	0.066	0.068	0.064	0.061	0.069	0.056	0.061	0.062	0.058	0.057	0.071	0.064	0.063	0.060	0.060	0.059	0.053	0.046	0.059	0.055	0.057	0.048	0.037	0.036	0.051	0.057	0.057
588.0	1.272	1.220	1.438	1.553	1.785	2.707	3.802	3.267	2.063	1.755	1.684	1.445	1.146	11.22	34.50	24.66	4.509	0.252	0.103	0.126	0.092	0.105	0.101	0.066	0.078	0.072	0.075	0.077	0.072	0.076	0.076	0.076	0.071	0.076	0.070	0.067	0.064	0.073	0.059	0.066	0.064	0.071	0.068	0.063	0.067	0.063	0.063	0.060	0.060	0.063	0.070	0.069	0.067	0.058	0.070	0.062	0.066	0.074	0.063	0.055	0.076	0.064	0.070	0.062	0.062	0.068	0.051	0.054	0.057	0.054	0.062	0.054	0.046	0.039	0.053	0.055	0.061
591.0	1.360	1.329	1.557	1.647	1.828	2.430	3.589	3.991	2.716	1.967	1.827	1.571	1.072	2.901	23.80	36.61	13.49	1.217	0.124	0.125	0.107	0.109	0.097	0.079	0.083	0.078	0.078	0.077	0.071	0.081	0.070	0.067	0.068	0.075	0.070	0.064	0.079	0.074	0.066	0.068	0.075	0.070	0.069	0.065	0.066	0.063	0.067	0.063	0.066	0.071	0.063	0.065	0.066	0.064	0.071	0.071	0.069	0.090	0.061	0.068	0.070	0.067	0.069	0.062	0.070	0.077	0.054	0.060	0.066	0.059	0.065	0.051	0.050	0.044	0.058	0.066	0.064
594.0	1.491	1.518	1.721	1.822	1.944	2.364	3.395	4.484	3.542	2.293	1.941	1.735	1.234	1.010	9.992	37.79	27.48	5.043	0.239	0.136	0.108	0.115	0.110	0.081	0.092	0.083	0.081	0.089	0.072	0.086	0.068	0.070	0.082	0.082	0.076	0.061	0.090	0.085	0.073	0.076	0.072	0.061	0.074	0.066	0.067	0.070	0.074	0.069	0.070	0.069	0.062	0.057	0.066	0.067	0.070	0.073	0.078	0.085	0.065	0.072	0.086	0.058	0.071	0.056	0.072	0.077	0.070	0.061	0.067	0.067	0.060	0.057	0.054	0.044	0.056	0.068	0.062
597.0	1.810	1.662	1.924	2.045	2.252	2.409	3.155	4.392	4.410	2.907	2.144	1.854	1.402	0.947	2.468	26.66	39.24	15.32	1.346	0.145	0.124	0.121	0.113	0.091	0.097	0.079	0.077	0.081	0.092	0.084	0.079	0.086	0.078	0.085	0.078	0.077	0.087	0.082	0.079	0.081	0.074	0.069	0.083	0.064	0.072	0.071	0.070	0.065	0.062	0.070	0.074	0.069	0.069	0.062	0.073	0.081	0.084	0.083	0.080	0.067	0.085	0.072	0.077	0.068	0.076	0.083	0.067	0.066	0.073	0.067	0.054	0.055	0.060	0.049	0.060	0.070	0.062
600.0	1.792	2.069	2.177	2.313	2.420	2.614	3.128	4.362	4.998	3.562	2.389	2.030	1.532	1.112	1.071	17.45	42.94	25.29	3.121	0.204	0.183	0.141	0.110	0.114	0.127	0.102	0.081	0.063	0.103	0.084	0.081	0.069	0.073	0.107	0.078	0.075	0.098	0.081	0.076	0.108	0.096	0.080	0.080	0.073	0.077	0.069	0.077	0.065	0.056	0.076	0.079	0.084	0.075	0.068	0.080	0.091	0.097	0.093	0.085	0.063	0.105	0.081	0.089	0.067	0.079	0.097	0.072	0.070	0.078	0.070	0.072	0.057	0.068	0.068	0.056	0.080	0.062
